 0.00000    0.00000    0.00000    0 O                   0.00000
 -1.35284    1.35284    1.35284    2 Ce_1                2.34319
  1.35284   -1.35284    1.35284    2 Ce_1                2.34319
  1.35284    1.35284   -1.35284    2 Ce_1                2.34319
 -1.35284   -1.35284   -1.35284    2 Ce_1                2.34319
  2.70567    0.00000    0.00000    1 O_1                 2.70567
 -2.70567    0.00000    0.00000    1 O_1                 2.70567
  0.00000    2.70567    0.00000    1 O_1                 2.70567
  0.00000   -2.70567    0.00000    1 O_1                 2.70567
  0.00000    0.00000    2.70567    1 O_1                 2.70567
  0.00000    0.00000   -2.70567    1 O_1                 2.70567
  2.70567    2.70567    0.00000    1 O_2                 3.82640
 -2.70567    2.70567    0.00000    1 O_2                 3.82640
  2.70567   -2.70567    0.00000    1 O_2                 3.82640
 -2.70567   -2.70567    0.00000    1 O_2                 3.82640
  2.70567    0.00000    2.70567    1 O_2                 3.82640
 -2.70567    0.00000    2.70567    1 O_2                 3.82640
  0.00000    2.70567    2.70567    1 O_2                 3.82640
  0.00000   -2.70567    2.70567    1 O_2                 3.82640
  2.70567    0.00000   -2.70567    1 O_2                 3.82640
 -2.70567    0.00000   -2.70567    1 O_2                 3.82640
  0.00000    2.70567   -2.70567    1 O_2                 3.82640
  0.00000   -2.70567   -2.70567    1 O_2                 3.82640
  4.05851    1.35284    1.35284    2 Ce_2                4.48685
  1.35284    4.05851    1.35284    2 Ce_2                4.48685
 -4.05851   -1.35284    1.35284    2 Ce_2                4.48685
 -1.35284   -4.05851    1.35284    2 Ce_2                4.48685
  1.35284    1.35284    4.05851    2 Ce_2                4.48685
 -1.35284   -1.35284    4.05851    2 Ce_2                4.48685
 -4.05851    1.35284   -1.35284    2 Ce_2                4.48685
 -1.35284    4.05851   -1.35284    2 Ce_2                4.48685
  4.05851   -1.35284   -1.35284    2 Ce_2                4.48685
  1.35284   -4.05851   -1.35284    2 Ce_2                4.48685
 -1.35284    1.35284   -4.05851    2 Ce_2                4.48685
  1.35284   -1.35284   -4.05851    2 Ce_2                4.48685
  2.70567    2.70567    2.70567    1 O_3                 4.68636
 -2.70567    2.70567    2.70567    1 O_3                 4.68636
  2.70567   -2.70567    2.70567    1 O_3                 4.68636
 -2.70567   -2.70567    2.70567    1 O_3                 4.68636
  2.70567    2.70567   -2.70567    1 O_3                 4.68636
 -2.70567    2.70567   -2.70567    1 O_3                 4.68636
  2.70567   -2.70567   -2.70567    1 O_3                 4.68636
 -2.70567   -2.70567   -2.70567    1 O_3                 4.68636
  5.41134    0.00000    0.00000    1 O_4                 5.41134
 -5.41134    0.00000    0.00000    1 O_4                 5.41134
  0.00000    5.41134    0.00000    1 O_4                 5.41134
  0.00000   -5.41134    0.00000    1 O_4                 5.41134
  0.00000    0.00000    5.41134    1 O_4                 5.41134
  0.00000    0.00000   -5.41134    1 O_4                 5.41134
 -4.05851    4.05851    1.35284    2 Ce_3                5.89688
  4.05851   -4.05851    1.35284    2 Ce_3                5.89688
 -4.05851    1.35284    4.05851    2 Ce_3                5.89688
 -1.35284    4.05851    4.05851    2 Ce_3                5.89688
  4.05851   -1.35284    4.05851    2 Ce_3                5.89688
  1.35284   -4.05851    4.05851    2 Ce_3                5.89688
  4.05851    4.05851   -1.35284    2 Ce_3                5.89688
 -4.05851   -4.05851   -1.35284    2 Ce_3                5.89688
  4.05851    1.35284   -4.05851    2 Ce_3                5.89688
  1.35284    4.05851   -4.05851    2 Ce_3                5.89688
 -4.05851   -1.35284   -4.05851    2 Ce_3                5.89688
 -1.35284   -4.05851   -4.05851    2 Ce_3                5.89688
  5.41134    2.70567    0.00000    1 O_5                 6.05006
 -5.41134    2.70567    0.00000    1 O_5                 6.05006
  2.70567    5.41134    0.00000    1 O_5                 6.05006
 -2.70567    5.41134    0.00000    1 O_5                 6.05006
  5.41134   -2.70567    0.00000    1 O_5                 6.05006
 -5.41134   -2.70567    0.00000    1 O_5                 6.05006
  2.70567   -5.41134    0.00000    1 O_5                 6.05006
 -2.70567   -5.41134    0.00000    1 O_5                 6.05006
  5.41134    0.00000    2.70567    1 O_5                 6.05006
 -5.41134    0.00000    2.70567    1 O_5                 6.05006
  0.00000    5.41134    2.70567    1 O_5                 6.05006
  0.00000   -5.41134    2.70567    1 O_5                 6.05006
  2.70567    0.00000    5.41134    1 O_5                 6.05006
 -2.70567    0.00000    5.41134    1 O_5                 6.05006
  0.00000    2.70567    5.41134    1 O_5                 6.05006
  0.00000   -2.70567    5.41134    1 O_5                 6.05006
  5.41134    0.00000   -2.70567    1 O_5                 6.05006
 -5.41134    0.00000   -2.70567    1 O_5                 6.05006
  0.00000    5.41134   -2.70567    1 O_5                 6.05006
  0.00000   -5.41134   -2.70567    1 O_5                 6.05006
  2.70567    0.00000   -5.41134    1 O_5                 6.05006
 -2.70567    0.00000   -5.41134    1 O_5                 6.05006
  0.00000    2.70567   -5.41134    1 O_5                 6.05006
  0.00000   -2.70567   -5.41134    1 O_5                 6.05006
  5.41134    2.70567    2.70567    1 O_6                 6.62751
 -5.41134    2.70567    2.70567    1 O_6                 6.62751
  2.70567    5.41134    2.70567    1 O_6                 6.62751
 -2.70567    5.41134    2.70567    1 O_6                 6.62751
  5.41134   -2.70567    2.70567    1 O_6                 6.62751
 -5.41134   -2.70567    2.70567    1 O_6                 6.62751
  2.70567   -5.41134    2.70567    1 O_6                 6.62751
 -2.70567   -5.41134    2.70567    1 O_6                 6.62751
  2.70567    2.70567    5.41134    1 O_6                 6.62751
 -2.70567    2.70567    5.41134    1 O_6                 6.62751
  2.70567   -2.70567    5.41134    1 O_6                 6.62751
 -2.70567   -2.70567    5.41134    1 O_6                 6.62751
  5.41134    2.70567   -2.70567    1 O_6                 6.62751
 -5.41134    2.70567   -2.70567    1 O_6                 6.62751
  2.70567    5.41134   -2.70567    1 O_6                 6.62751
 -2.70567    5.41134   -2.70567    1 O_6                 6.62751
  5.41134   -2.70567   -2.70567    1 O_6                 6.62751
 -5.41134   -2.70567   -2.70567    1 O_6                 6.62751
  2.70567   -5.41134   -2.70567    1 O_6                 6.62751
 -2.70567   -5.41134   -2.70567    1 O_6                 6.62751
  2.70567    2.70567   -5.41134    1 O_6                 6.62751
 -2.70567    2.70567   -5.41134    1 O_6                 6.62751
  2.70567   -2.70567   -5.41134    1 O_6                 6.62751
 -2.70567   -2.70567   -5.41134    1 O_6                 6.62751
 -6.76417    1.35284    1.35284    2 Ce_4                7.02953
 -1.35284    6.76417    1.35284    2 Ce_4                7.02953
  6.76417   -1.35284    1.35284    2 Ce_4                7.02953
  1.35284   -6.76417    1.35284    2 Ce_4                7.02953
  4.05851    4.05851    4.05851    2 Ce_4                7.02955
 -4.05851   -4.05851    4.05851    2 Ce_4                7.02955
 -1.35284    1.35284    6.76417    2 Ce_4                7.02953
  1.35284   -1.35284    6.76417    2 Ce_4                7.02953
  6.76417    1.35284   -1.35284    2 Ce_4                7.02953
  1.35284    6.76417   -1.35284    2 Ce_4                7.02953
 -6.76417   -1.35284   -1.35284    2 Ce_4                7.02953
 -1.35284   -6.76417   -1.35284    2 Ce_4                7.02953
 -4.05851    4.05851   -4.05851    2 Ce_4                7.02955
  4.05851   -4.05851   -4.05851    2 Ce_4                7.02955
  1.35284    1.35284   -6.76417    2 Ce_4                7.02953
 -1.35284   -1.35284   -6.76417    2 Ce_4                7.02953
  5.41134    5.41134    0.00000    1 O_7                 7.65279
 -5.41134    5.41134    0.00000    1 O_7                 7.65279
  5.41134   -5.41134    0.00000    1 O_7                 7.65279
 -5.41134   -5.41134    0.00000    1 O_7                 7.65279
  5.41134    0.00000    5.41134    1 O_7                 7.65279
 -5.41134    0.00000    5.41134    1 O_7                 7.65279
  0.00000    5.41134    5.41134    1 O_7                 7.65279
  0.00000   -5.41134    5.41134    1 O_7                 7.65279
  5.41134    0.00000   -5.41134    1 O_7                 7.65279
 -5.41134    0.00000   -5.41134    1 O_7                 7.65279
  0.00000    5.41134   -5.41134    1 O_7                 7.65279
  0.00000   -5.41134   -5.41134    1 O_7                 7.65279
  6.76417    4.05851    1.35284    2 Ce_5                8.00348
  4.05851    6.76417    1.35284    2 Ce_5                8.00348
 -6.76417   -4.05851    1.35284    2 Ce_5                8.00348
 -4.05851   -6.76417    1.35284    2 Ce_5                8.00348
  6.76417    1.35284    4.05851    2 Ce_5                8.00348
  1.35284    6.76417    4.05851    2 Ce_5                8.00348
 -6.76417   -1.35284    4.05851    2 Ce_5                8.00348
 -1.35284   -6.76417    4.05851    2 Ce_5                8.00348
  4.05851    1.35284    6.76417    2 Ce_5                8.00348
  1.35284    4.05851    6.76417    2 Ce_5                8.00348
 -4.05851   -1.35284    6.76417    2 Ce_5                8.00348
 -1.35284   -4.05851    6.76417    2 Ce_5                8.00348
 -6.76417    4.05851   -1.35284    2 Ce_5                8.00348
 -4.05851    6.76417   -1.35284    2 Ce_5                8.00348
  6.76417   -4.05851   -1.35284    2 Ce_5                8.00348
  4.05851   -6.76417   -1.35284    2 Ce_5                8.00348
 -6.76417    1.35284   -4.05851    2 Ce_5                8.00348
 -1.35284    6.76417   -4.05851    2 Ce_5                8.00348
  6.76417   -1.35284   -4.05851    2 Ce_5                8.00348
  1.35284   -6.76417   -4.05851    2 Ce_5                8.00348
 -4.05851    1.35284   -6.76417    2 Ce_5                8.00348
 -1.35284    4.05851   -6.76417    2 Ce_5                8.00348
  4.05851   -1.35284   -6.76417    2 Ce_5                8.00348
  1.35284   -4.05851   -6.76417    2 Ce_5                8.00348
  8.11701    0.00000    0.00000    1 O_8                 8.11701
 -8.11701    0.00000    0.00000    1 O_8                 8.11701
  0.00000    8.11701    0.00000    1 O_8                 8.11701
  0.00000   -8.11701    0.00000    1 O_8                 8.11701
  5.41134    5.41134    2.70567    1 O_8                 8.11701
 -5.41134    5.41134    2.70567    1 O_8                 8.11701
  5.41134   -5.41134    2.70567    1 O_8                 8.11701
 -5.41134   -5.41134    2.70567    1 O_8                 8.11701
  5.41134    2.70567    5.41134    1 O_8                 8.11701
 -5.41134    2.70567    5.41134    1 O_8                 8.11701
  2.70567    5.41134    5.41134    1 O_8                 8.11701
 -2.70567    5.41134    5.41134    1 O_8                 8.11701
  5.41134   -2.70567    5.41134    1 O_8                 8.11701
 -5.41134   -2.70567    5.41134    1 O_8                 8.11701
  2.70567   -5.41134    5.41134    1 O_8                 8.11701
 -2.70567   -5.41134    5.41134    1 O_8                 8.11701
  0.00000    0.00000    8.11701    1 O_8                 8.11701
  5.41134    5.41134   -2.70567    1 O_8                 8.11701
 -5.41134    5.41134   -2.70567    1 O_8                 8.11701
  5.41134   -5.41134   -2.70567    1 O_8                 8.11701
 -5.41134   -5.41134   -2.70567    1 O_8                 8.11701
  5.41134    2.70567   -5.41134    1 O_8                 8.11701
 -5.41134    2.70567   -5.41134    1 O_8                 8.11701
  2.70567    5.41134   -5.41134    1 O_8                 8.11701
 -2.70567    5.41134   -5.41134    1 O_8                 8.11701
  5.41134   -2.70567   -5.41134    1 O_8                 8.11701
 -5.41134   -2.70567   -5.41134    1 O_8                 8.11701
  2.70567   -5.41134   -5.41134    1 O_8                 8.11701
 -2.70567   -5.41134   -5.41134    1 O_8                 8.11701
  0.00000    0.00000   -8.11701    1 O_8                 8.11701
  8.11701    2.70567    0.00000    1 O_9                 8.55608
 -8.11701    2.70567    0.00000    1 O_9                 8.55608
  2.70567    8.11701    0.00000    1 O_9                 8.55608
 -2.70567    8.11701    0.00000    1 O_9                 8.55608
  8.11701   -2.70567    0.00000    1 O_9                 8.55608
 -8.11701   -2.70567    0.00000    1 O_9                 8.55608
  2.70567   -8.11701    0.00000    1 O_9                 8.55608
 -2.70567   -8.11701    0.00000    1 O_9                 8.55608
  8.11701    0.00000    2.70567    1 O_9                 8.55608
 -8.11701    0.00000    2.70567    1 O_9                 8.55608
  0.00000    8.11701    2.70567    1 O_9                 8.55608
  0.00000   -8.11701    2.70567    1 O_9                 8.55608
  2.70567    0.00000    8.11701    1 O_9                 8.55608
 -2.70567    0.00000    8.11701    1 O_9                 8.55608
  0.00000    2.70567    8.11701    1 O_9                 8.55608
  0.00000   -2.70567    8.11701    1 O_9                 8.55608
  8.11701    0.00000   -2.70567    1 O_9                 8.55608
 -8.11701    0.00000   -2.70567    1 O_9                 8.55608
  0.00000    8.11701   -2.70567    1 O_9                 8.55608
  0.00000   -8.11701   -2.70567    1 O_9                 8.55608
  2.70567    0.00000   -8.11701    1 O_9                 8.55608
 -2.70567    0.00000   -8.11701    1 O_9                 8.55608
  0.00000    2.70567   -8.11701    1 O_9                 8.55608
  0.00000   -2.70567   -8.11701    1 O_9                 8.55608
 -6.76417    4.05851    4.05851    2 Ce_6                8.87113
 -4.05851    6.76417    4.05851    2 Ce_6                8.87113
  6.76417   -4.05851    4.05851    2 Ce_6                8.87113
  4.05851   -6.76417    4.05851    2 Ce_6                8.87113
 -4.05851    4.05851    6.76417    2 Ce_6                8.87113
  4.05851   -4.05851    6.76417    2 Ce_6                8.87113
  6.76417    4.05851   -4.05851    2 Ce_6                8.87113
  4.05851    6.76417   -4.05851    2 Ce_6                8.87113
 -6.76417   -4.05851   -4.05851    2 Ce_6                8.87113
 -4.05851   -6.76417   -4.05851    2 Ce_6                8.87113
  4.05851    4.05851   -6.76417    2 Ce_6                8.87113
 -4.05851   -4.05851   -6.76417    2 Ce_6                8.87113
  8.11701    2.70567    2.70567    1 O_10                8.97369
 -8.11701    2.70567    2.70567    1 O_10                8.97369
  2.70567    8.11701    2.70567    1 O_10                8.97369
 -2.70567    8.11701    2.70567    1 O_10                8.97369
  8.11701   -2.70567    2.70567    1 O_10                8.97369
 -8.11701   -2.70567    2.70567    1 O_10                8.97369
  2.70567   -8.11701    2.70567    1 O_10                8.97369
 -2.70567   -8.11701    2.70567    1 O_10                8.97369
  2.70567    2.70567    8.11701    1 O_10                8.97369
 -2.70567    2.70567    8.11701    1 O_10                8.97369
  2.70567   -2.70567    8.11701    1 O_10                8.97369
 -2.70567   -2.70567    8.11701    1 O_10                8.97369
  8.11701    2.70567   -2.70567    1 O_10                8.97369
 -8.11701    2.70567   -2.70567    1 O_10                8.97369
  2.70567    8.11701   -2.70567    1 O_10                8.97369
 -2.70567    8.11701   -2.70567    1 O_10                8.97369
  8.11701   -2.70567   -2.70567    1 O_10                8.97369
 -8.11701   -2.70567   -2.70567    1 O_10                8.97369
  2.70567   -8.11701   -2.70567    1 O_10                8.97369
 -2.70567   -8.11701   -2.70567    1 O_10                8.97369
  2.70567    2.70567   -8.11701    1 O_10                8.97369
 -2.70567    2.70567   -8.11701    1 O_10                8.97369
  2.70567   -2.70567   -8.11701    1 O_10                8.97369
 -2.70567   -2.70567   -8.11701    1 O_10                8.97369
  5.41134    5.41134    5.41134    1 O_11                9.37272
 -5.41134    5.41134    5.41134    1 O_11                9.37272
  5.41134   -5.41134    5.41134    1 O_11                9.37272
 -5.41134   -5.41134    5.41134    1 O_11                9.37272
  5.41134    5.41134   -5.41134    1 O_11                9.37272
 -5.41134    5.41134   -5.41134    1 O_11                9.37272
  5.41134   -5.41134   -5.41134    1 O_11                9.37272
 -5.41134   -5.41134   -5.41134    1 O_11                9.37272
  9.46984    1.35284    1.35284    2 Ce_7                9.66117
 -6.76417    6.76417    1.35284    2 Ce_7                9.66117
  1.35284    9.46984    1.35284    2 Ce_7                9.66117
 -9.46984   -1.35284    1.35284    2 Ce_7                9.66117
  6.76417   -6.76417    1.35284    2 Ce_7                9.66117
 -1.35284   -9.46984    1.35284    2 Ce_7                9.66117
 -6.76417    1.35284    6.76417    2 Ce_7                9.66117
 -1.35284    6.76417    6.76417    2 Ce_7                9.66117
  6.76417   -1.35284    6.76417    2 Ce_7                9.66117
  1.35284   -6.76417    6.76417    2 Ce_7                9.66117
  1.35284    1.35284    9.46984    2 Ce_7                9.66117
 -1.35284   -1.35284    9.46984    2 Ce_7                9.66117
 -9.46984    1.35284   -1.35284    2 Ce_7                9.66117
  6.76417    6.76417   -1.35284    2 Ce_7                9.66117
 -1.35284    9.46984   -1.35284    2 Ce_7                9.66117
  9.46984   -1.35284   -1.35284    2 Ce_7                9.66117
 -6.76417   -6.76417   -1.35284    2 Ce_7                9.66117
  1.35284   -9.46984   -1.35284    2 Ce_7                9.66117
  6.76417    1.35284   -6.76417    2 Ce_7                9.66117
  1.35284    6.76417   -6.76417    2 Ce_7                9.66117
 -6.76417   -1.35284   -6.76417    2 Ce_7                9.66117
 -1.35284   -6.76417   -6.76417    2 Ce_7                9.66117
 -1.35284    1.35284   -9.46984    2 Ce_7                9.66117
  1.35284   -1.35284   -9.46984    2 Ce_7                9.66117
  8.11701    5.41134    0.00000    1 O_12                9.75543
 -8.11701    5.41134    0.00000    1 O_12                9.75543
  5.41134    8.11701    0.00000    1 O_12                9.75543
 -5.41134    8.11701    0.00000    1 O_12                9.75543
  8.11701   -5.41134    0.00000    1 O_12                9.75543
 -8.11701   -5.41134    0.00000    1 O_12                9.75543
  5.41134   -8.11701    0.00000    1 O_12                9.75543
 -5.41134   -8.11701    0.00000    1 O_12                9.75543
  8.11701    0.00000    5.41134    1 O_12                9.75543
 -8.11701    0.00000    5.41134    1 O_12                9.75543
  0.00000    8.11701    5.41134    1 O_12                9.75543
  0.00000   -8.11701    5.41134    1 O_12                9.75543
  5.41134    0.00000    8.11701    1 O_12                9.75543
 -5.41134    0.00000    8.11701    1 O_12                9.75543
  0.00000    5.41134    8.11701    1 O_12                9.75543
  0.00000   -5.41134    8.11701    1 O_12                9.75543
  8.11701    0.00000   -5.41134    1 O_12                9.75543
 -8.11701    0.00000   -5.41134    1 O_12                9.75543
  0.00000    8.11701   -5.41134    1 O_12                9.75543
  0.00000   -8.11701   -5.41134    1 O_12                9.75543
  5.41134    0.00000   -8.11701    1 O_12                9.75543
 -5.41134    0.00000   -8.11701    1 O_12                9.75543
  0.00000    5.41134   -8.11701    1 O_12                9.75543
  0.00000   -5.41134   -8.11701    1 O_12                9.75543
  8.11701    5.41134    2.70567    1 O_13               10.12369
 -8.11701    5.41134    2.70567    1 O_13               10.12369
  5.41134    8.11701    2.70567    1 O_13               10.12369
 -5.41134    8.11701    2.70567    1 O_13               10.12369
  8.11701   -5.41134    2.70567    1 O_13               10.12369
 -8.11701   -5.41134    2.70567    1 O_13               10.12369
  5.41134   -8.11701    2.70567    1 O_13               10.12369
 -5.41134   -8.11701    2.70567    1 O_13               10.12369
  8.11701    2.70567    5.41134    1 O_13               10.12369
 -8.11701    2.70567    5.41134    1 O_13               10.12369
  2.70567    8.11701    5.41134    1 O_13               10.12369
 -2.70567    8.11701    5.41134    1 O_13               10.12369
  8.11701   -2.70567    5.41134    1 O_13               10.12369
 -8.11701   -2.70567    5.41134    1 O_13               10.12369
  2.70567   -8.11701    5.41134    1 O_13               10.12369
 -2.70567   -8.11701    5.41134    1 O_13               10.12369
  5.41134    2.70567    8.11701    1 O_13               10.12369
 -5.41134    2.70567    8.11701    1 O_13               10.12369
  2.70567    5.41134    8.11701    1 O_13               10.12369
 -2.70567    5.41134    8.11701    1 O_13               10.12369
  5.41134   -2.70567    8.11701    1 O_13               10.12369
 -5.41134   -2.70567    8.11701    1 O_13               10.12369
  2.70567   -5.41134    8.11701    1 O_13               10.12369
 -2.70567   -5.41134    8.11701    1 O_13               10.12369
  8.11701    5.41134   -2.70567    1 O_13               10.12369
 -8.11701    5.41134   -2.70567    1 O_13               10.12369
  5.41134    8.11701   -2.70567    1 O_13               10.12369
 -5.41134    8.11701   -2.70567    1 O_13               10.12369
  8.11701   -5.41134   -2.70567    1 O_13               10.12369
 -8.11701   -5.41134   -2.70567    1 O_13               10.12369
  5.41134   -8.11701   -2.70567    1 O_13               10.12369
 -5.41134   -8.11701   -2.70567    1 O_13               10.12369
  8.11701    2.70567   -5.41134    1 O_13               10.12369
 -8.11701    2.70567   -5.41134    1 O_13               10.12369
  2.70567    8.11701   -5.41134    1 O_13               10.12369
 -2.70567    8.11701   -5.41134    1 O_13               10.12369
  8.11701   -2.70567   -5.41134    1 O_13               10.12369
 -8.11701   -2.70567   -5.41134    1 O_13               10.12369
  2.70567   -8.11701   -5.41134    1 O_13               10.12369
 -2.70567   -8.11701   -5.41134    1 O_13               10.12369
  5.41134    2.70567   -8.11701    1 O_13               10.12369
 -5.41134    2.70567   -8.11701    1 O_13               10.12369
  2.70567    5.41134   -8.11701    1 O_13               10.12369
 -2.70567    5.41134   -8.11701    1 O_13               10.12369
  5.41134   -2.70567   -8.11701    1 O_13               10.12369
 -5.41134   -2.70567   -8.11701    1 O_13               10.12369
  2.70567   -5.41134   -8.11701    1 O_13               10.12369
 -2.70567   -5.41134   -8.11701    1 O_13               10.12369
 -9.46984    4.05851    1.35284    2 Ce_8               10.39132
 -4.05851    9.46984    1.35284    2 Ce_8               10.39132
  9.46984   -4.05851    1.35284    2 Ce_8               10.39132
  4.05851   -9.46984    1.35284    2 Ce_8               10.39132
 -9.46984    1.35284    4.05851    2 Ce_8               10.39132
  6.76417    6.76417    4.05851    2 Ce_8               10.39132
 -1.35284    9.46984    4.05851    2 Ce_8               10.39132
  9.46984   -1.35284    4.05851    2 Ce_8               10.39132
 -6.76417   -6.76417    4.05851    2 Ce_8               10.39132
  1.35284   -9.46984    4.05851    2 Ce_8               10.39132
  6.76417    4.05851    6.76417    2 Ce_8               10.39132
  4.05851    6.76417    6.76417    2 Ce_8               10.39132
 -6.76417   -4.05851    6.76417    2 Ce_8               10.39132
 -4.05851   -6.76417    6.76417    2 Ce_8               10.39132
 -4.05851    1.35284    9.46984    2 Ce_8               10.39132
 -1.35284    4.05851    9.46984    2 Ce_8               10.39132
  4.05851   -1.35284    9.46984    2 Ce_8               10.39132
  1.35284   -4.05851    9.46984    2 Ce_8               10.39132
  9.46984    4.05851   -1.35284    2 Ce_8               10.39132
  4.05851    9.46984   -1.35284    2 Ce_8               10.39132
 -9.46984   -4.05851   -1.35284    2 Ce_8               10.39132
 -4.05851   -9.46984   -1.35284    2 Ce_8               10.39132
  9.46984    1.35284   -4.05851    2 Ce_8               10.39132
 -6.76417    6.76417   -4.05851    2 Ce_8               10.39132
  1.35284    9.46984   -4.05851    2 Ce_8               10.39132
 -9.46984   -1.35284   -4.05851    2 Ce_8               10.39132
  6.76417   -6.76417   -4.05851    2 Ce_8               10.39132
 -1.35284   -9.46984   -4.05851    2 Ce_8               10.39132
 -6.76417    4.05851   -6.76417    2 Ce_8               10.39132
 -4.05851    6.76417   -6.76417    2 Ce_8               10.39132
  6.76417   -4.05851   -6.76417    2 Ce_8               10.39132
  4.05851   -6.76417   -6.76417    2 Ce_8               10.39132
  4.05851    1.35284   -9.46984    2 Ce_8               10.39132
  1.35284    4.05851   -9.46984    2 Ce_8               10.39132
 -4.05851   -1.35284   -9.46984    2 Ce_8               10.39132
 -1.35284   -4.05851   -9.46984    2 Ce_8               10.39132
  10.82268    0.00000    0.00000    1 O_14               10.82268
 -10.82268    0.00000    0.00000    1 O_14               10.82268
  0.00000    10.82268    0.00000    1 O_14               10.82268
  0.00000   -10.82268    0.00000    1 O_14               10.82268
  0.00000    0.00000    10.82268    1 O_14               10.82268
  0.00000    0.00000   -10.82268    1 O_14               10.82268
  9.46984    4.05851    4.05851    2 Ce_9               11.07343
  4.05851    9.46984    4.05851    2 Ce_9               11.07343
 -9.46984   -4.05851    4.05851    2 Ce_9               11.07343
 -4.05851   -9.46984    4.05851    2 Ce_9               11.07343
  4.05851    4.05851    9.46984    2 Ce_9               11.07343
 -4.05851   -4.05851    9.46984    2 Ce_9               11.07343
 -9.46984    4.05851   -4.05851    2 Ce_9               11.07343
 -4.05851    9.46984   -4.05851    2 Ce_9               11.07343
  9.46984   -4.05851   -4.05851    2 Ce_9               11.07343
  4.05851   -9.46984   -4.05851    2 Ce_9               11.07343
 -4.05851    4.05851   -9.46984    2 Ce_9               11.07343
  4.05851   -4.05851   -9.46984    2 Ce_9               11.07343
  10.82268    2.70567    0.00000    1 O_15               11.15576
 -10.82268    2.70567    0.00000    1 O_15               11.15576
  10.82268   -2.70567    0.00000    1 O_15               11.15576
 -10.82268   -2.70567    0.00000    1 O_15               11.15576
  2.70567    10.82268    0.00000    1 O_15               11.15576
 -2.70567    10.82268    0.00000    1 O_15               11.15576
  2.70567   -10.82268    0.00000    1 O_15               11.15576
 -2.70567   -10.82268    0.00000    1 O_15               11.15576
  10.82268    0.00000    2.70567    1 O_15               11.15576
 -10.82268    0.00000    2.70567    1 O_15               11.15576
  0.00000    10.82268    2.70567    1 O_15               11.15576
  0.00000   -10.82268    2.70567    1 O_15               11.15576
  8.11701    5.41134    5.41134    1 O_15               11.15576
 -8.11701    5.41134    5.41134    1 O_15               11.15576
  5.41134    8.11701    5.41134    1 O_15               11.15576
 -5.41134    8.11701    5.41134    1 O_15               11.15576
  8.11701   -5.41134    5.41134    1 O_15               11.15576
 -8.11701   -5.41134    5.41134    1 O_15               11.15576
  5.41134   -8.11701    5.41134    1 O_15               11.15576
 -5.41134   -8.11701    5.41134    1 O_15               11.15576
  5.41134    5.41134    8.11701    1 O_15               11.15576
 -5.41134    5.41134    8.11701    1 O_15               11.15576
  5.41134   -5.41134    8.11701    1 O_15               11.15576
 -5.41134   -5.41134    8.11701    1 O_15               11.15576
  10.82268    0.00000   -2.70567    1 O_15               11.15576
 -10.82268    0.00000   -2.70567    1 O_15               11.15576
  0.00000    10.82268   -2.70567    1 O_15               11.15576
  0.00000   -10.82268   -2.70567    1 O_15               11.15576
  8.11701    5.41134   -5.41134    1 O_15               11.15576
 -8.11701    5.41134   -5.41134    1 O_15               11.15576
  5.41134    8.11701   -5.41134    1 O_15               11.15576
 -5.41134    8.11701   -5.41134    1 O_15               11.15576
  8.11701   -5.41134   -5.41134    1 O_15               11.15576
 -8.11701   -5.41134   -5.41134    1 O_15               11.15576
  5.41134   -8.11701   -5.41134    1 O_15               11.15576
 -5.41134   -8.11701   -5.41134    1 O_15               11.15576
  5.41134    5.41134   -8.11701    1 O_15               11.15576
 -5.41134    5.41134   -8.11701    1 O_15               11.15576
  5.41134   -5.41134   -8.11701    1 O_15               11.15576
 -5.41134   -5.41134   -8.11701    1 O_15               11.15576
  2.70567    0.00000    10.82268    1 O_15               11.15576
 -2.70567    0.00000    10.82268    1 O_15               11.15576
  0.00000    2.70567    10.82268    1 O_15               11.15576
  0.00000   -2.70567    10.82268    1 O_15               11.15576
  2.70567    0.00000   -10.82268    1 O_15               11.15576
 -2.70567    0.00000   -10.82268    1 O_15               11.15576
  0.00000    2.70567   -10.82268    1 O_15               11.15576
  0.00000   -2.70567   -10.82268    1 O_15               11.15576
  8.11701    8.11701    0.00000    1 O_16               11.47919
 -8.11701    8.11701    0.00000    1 O_16               11.47919
  8.11701   -8.11701    0.00000    1 O_16               11.47919
 -8.11701   -8.11701    0.00000    1 O_16               11.47919
  10.82268    2.70567    2.70567    1 O_16               11.47919
 -10.82268    2.70567    2.70567    1 O_16               11.47919
  10.82268   -2.70567    2.70567    1 O_16               11.47919
 -10.82268   -2.70567    2.70567    1 O_16               11.47919
  2.70567    10.82268    2.70567    1 O_16               11.47919
 -2.70567    10.82268    2.70567    1 O_16               11.47919
  2.70567   -10.82268    2.70567    1 O_16               11.47919
 -2.70567   -10.82268    2.70567    1 O_16               11.47919
  8.11701    0.00000    8.11701    1 O_16               11.47919
 -8.11701    0.00000    8.11701    1 O_16               11.47919
  0.00000    8.11701    8.11701    1 O_16               11.47919
  0.00000   -8.11701    8.11701    1 O_16               11.47919
  10.82268    2.70567   -2.70567    1 O_16               11.47919
 -10.82268    2.70567   -2.70567    1 O_16               11.47919
  10.82268   -2.70567   -2.70567    1 O_16               11.47919
 -10.82268   -2.70567   -2.70567    1 O_16               11.47919
  2.70567    10.82268   -2.70567    1 O_16               11.47919
 -2.70567    10.82268   -2.70567    1 O_16               11.47919
  2.70567   -10.82268   -2.70567    1 O_16               11.47919
 -2.70567   -10.82268   -2.70567    1 O_16               11.47919
  8.11701    0.00000   -8.11701    1 O_16               11.47919
 -8.11701    0.00000   -8.11701    1 O_16               11.47919
  0.00000    8.11701   -8.11701    1 O_16               11.47919
  0.00000   -8.11701   -8.11701    1 O_16               11.47919
  2.70567    2.70567    10.82268    1 O_16               11.47919
 -2.70567    2.70567    10.82268    1 O_16               11.47919
  2.70567   -2.70567    10.82268    1 O_16               11.47919
 -2.70567   -2.70567    10.82268    1 O_16               11.47919
  2.70567    2.70567   -10.82268    1 O_16               11.47919
 -2.70567    2.70567   -10.82268    1 O_16               11.47919
  2.70567   -2.70567   -10.82268    1 O_16               11.47919
 -2.70567   -2.70567   -10.82268    1 O_16               11.47919
  9.46984    6.76417    1.35284    2 Ce_10              11.71589
  6.76417    9.46984    1.35284    2 Ce_10              11.71589
 -9.46984   -6.76417    1.35284    2 Ce_10              11.71589
 -6.76417   -9.46984    1.35284    2 Ce_10              11.71589
  9.46984    1.35284    6.76417    2 Ce_10              11.71589
 -6.76417    6.76417    6.76417    2 Ce_10              11.71589
  1.35284    9.46984    6.76417    2 Ce_10              11.71589
 -9.46984   -1.35284    6.76417    2 Ce_10              11.71589
  6.76417   -6.76417    6.76417    2 Ce_10              11.71589
 -1.35284   -9.46984    6.76417    2 Ce_10              11.71589
  6.76417    1.35284    9.46984    2 Ce_10              11.71589
  1.35284    6.76417    9.46984    2 Ce_10              11.71589
 -6.76417   -1.35284    9.46984    2 Ce_10              11.71589
 -1.35284   -6.76417    9.46984    2 Ce_10              11.71589
 -9.46984    6.76417   -1.35284    2 Ce_10              11.71589
 -6.76417    9.46984   -1.35284    2 Ce_10              11.71589
  9.46984   -6.76417   -1.35284    2 Ce_10              11.71589
  6.76417   -9.46984   -1.35284    2 Ce_10              11.71589
 -9.46984    1.35284   -6.76417    2 Ce_10              11.71589
  6.76417    6.76417   -6.76417    2 Ce_10              11.71589
 -1.35284    9.46984   -6.76417    2 Ce_10              11.71589
  9.46984   -1.35284   -6.76417    2 Ce_10              11.71589
 -6.76417   -6.76417   -6.76417    2 Ce_10              11.71589
  1.35284   -9.46984   -6.76417    2 Ce_10              11.71589
 -6.76417    1.35284   -9.46984    2 Ce_10              11.71589
 -1.35284    6.76417   -9.46984    2 Ce_10              11.71589
  6.76417   -1.35284   -9.46984    2 Ce_10              11.71589
  1.35284   -6.76417   -9.46984    2 Ce_10              11.71589
  8.11701    8.11701    2.70567    1 O_17               11.79374
 -8.11701    8.11701    2.70567    1 O_17               11.79374
  8.11701   -8.11701    2.70567    1 O_17               11.79374
 -8.11701   -8.11701    2.70567    1 O_17               11.79374
  8.11701    2.70567    8.11701    1 O_17               11.79374
 -8.11701    2.70567    8.11701    1 O_17               11.79374
  2.70567    8.11701    8.11701    1 O_17               11.79374
 -2.70567    8.11701    8.11701    1 O_17               11.79374
  8.11701   -2.70567    8.11701    1 O_17               11.79374
 -8.11701   -2.70567    8.11701    1 O_17               11.79374
  2.70567   -8.11701    8.11701    1 O_17               11.79374
 -2.70567   -8.11701    8.11701    1 O_17               11.79374
  8.11701    8.11701   -2.70567    1 O_17               11.79374
 -8.11701    8.11701   -2.70567    1 O_17               11.79374
  8.11701   -8.11701   -2.70567    1 O_17               11.79374
 -8.11701   -8.11701   -2.70567    1 O_17               11.79374
  8.11701    2.70567   -8.11701    1 O_17               11.79374
 -8.11701    2.70567   -8.11701    1 O_17               11.79374
  2.70567    8.11701   -8.11701    1 O_17               11.79374
 -2.70567    8.11701   -8.11701    1 O_17               11.79374
  8.11701   -2.70567   -8.11701    1 O_17               11.79374
 -8.11701   -2.70567   -8.11701    1 O_17               11.79374
  2.70567   -8.11701   -8.11701    1 O_17               11.79374
 -2.70567   -8.11701   -8.11701    1 O_17               11.79374
  10.82268    5.41134    0.00000    1 O_18               12.10012
 -10.82268    5.41134    0.00000    1 O_18               12.10012
  10.82268   -5.41134    0.00000    1 O_18               12.10012
 -10.82268   -5.41134    0.00000    1 O_18               12.10012
  5.41134    10.82268    0.00000    1 O_18               12.10012
 -5.41134    10.82268    0.00000    1 O_18               12.10012
  5.41134   -10.82268    0.00000    1 O_18               12.10012
 -5.41134   -10.82268    0.00000    1 O_18               12.10012
  10.82268    0.00000    5.41134    1 O_18               12.10012
 -10.82268    0.00000    5.41134    1 O_18               12.10012
  0.00000    10.82268    5.41134    1 O_18               12.10012
  0.00000   -10.82268    5.41134    1 O_18               12.10012
  10.82268    0.00000   -5.41134    1 O_18               12.10012
 -10.82268    0.00000   -5.41134    1 O_18               12.10012
  0.00000    10.82268   -5.41134    1 O_18               12.10012
  0.00000   -10.82268   -5.41134    1 O_18               12.10012
  5.41134    0.00000    10.82268    1 O_18               12.10012
 -5.41134    0.00000    10.82268    1 O_18               12.10012
  0.00000    5.41134    10.82268    1 O_18               12.10012
  0.00000   -5.41134    10.82268    1 O_18               12.10012
  5.41134    0.00000   -10.82268    1 O_18               12.10012
 -5.41134    0.00000   -10.82268    1 O_18               12.10012
  0.00000    5.41134   -10.82268    1 O_18               12.10012
  0.00000   -5.41134   -10.82268    1 O_18               12.10012
 -12.17552    1.35284    1.35284    2 Ce_11              12.32492
  12.17552   -1.35284    1.35284    2 Ce_11              12.32492
 -1.35284    12.17552    1.35284    2 Ce_11              12.32492
  1.35284   -12.17552    1.35284    2 Ce_11              12.32492
 -9.46984    6.76417    4.05851    2 Ce_11              12.32491
 -6.76417    9.46984    4.05851    2 Ce_11              12.32491
  9.46984   -6.76417    4.05851    2 Ce_11              12.32491
  6.76417   -9.46984    4.05851    2 Ce_11              12.32491
 -9.46984    4.05851    6.76417    2 Ce_11              12.32491
 -4.05851    9.46984    6.76417    2 Ce_11              12.32491
  9.46984   -4.05851    6.76417    2 Ce_11              12.32491
  4.05851   -9.46984    6.76417    2 Ce_11              12.32491
 -6.76417    4.05851    9.46984    2 Ce_11              12.32491
 -4.05851    6.76417    9.46984    2 Ce_11              12.32491
  6.76417   -4.05851    9.46984    2 Ce_11              12.32491
  4.05851   -6.76417    9.46984    2 Ce_11              12.32491
  12.17552    1.35284   -1.35284    2 Ce_11              12.32492
 -12.17552   -1.35284   -1.35284    2 Ce_11              12.32492
  1.35284    12.17552   -1.35284    2 Ce_11              12.32492
 -1.35284   -12.17552   -1.35284    2 Ce_11              12.32492
  9.46984    6.76417   -4.05851    2 Ce_11              12.32491
  6.76417    9.46984   -4.05851    2 Ce_11              12.32491
 -9.46984   -6.76417   -4.05851    2 Ce_11              12.32491
 -6.76417   -9.46984   -4.05851    2 Ce_11              12.32491
  9.46984    4.05851   -6.76417    2 Ce_11              12.32491
  4.05851    9.46984   -6.76417    2 Ce_11              12.32491
 -9.46984   -4.05851   -6.76417    2 Ce_11              12.32491
 -4.05851   -9.46984   -6.76417    2 Ce_11              12.32491
  6.76417    4.05851   -9.46984    2 Ce_11              12.32491
  4.05851    6.76417   -9.46984    2 Ce_11              12.32491
 -6.76417   -4.05851   -9.46984    2 Ce_11              12.32491
 -4.05851   -6.76417   -9.46984    2 Ce_11              12.32491
 -1.35284    1.35284    12.17552    2 Ce_11              12.32492
  1.35284   -1.35284    12.17552    2 Ce_11              12.32492
  1.35284    1.35284   -12.17552    2 Ce_11              12.32492
 -1.35284   -1.35284   -12.17552    2 Ce_11              12.32492
  10.82268    5.41134    2.70567    1 O_19               12.39894
 -10.82268    5.41134    2.70567    1 O_19               12.39894
  10.82268   -5.41134    2.70567    1 O_19               12.39894
 -10.82268   -5.41134    2.70567    1 O_19               12.39894
  5.41134    10.82268    2.70567    1 O_19               12.39894
 -5.41134    10.82268    2.70567    1 O_19               12.39894
  5.41134   -10.82268    2.70567    1 O_19               12.39894
 -5.41134   -10.82268    2.70567    1 O_19               12.39894
  10.82268    2.70567    5.41134    1 O_19               12.39894
 -10.82268    2.70567    5.41134    1 O_19               12.39894
  10.82268   -2.70567    5.41134    1 O_19               12.39894
 -10.82268   -2.70567    5.41134    1 O_19               12.39894
  2.70567    10.82268    5.41134    1 O_19               12.39894
 -2.70567    10.82268    5.41134    1 O_19               12.39894
  2.70567   -10.82268    5.41134    1 O_19               12.39894
 -2.70567   -10.82268    5.41134    1 O_19               12.39894
  10.82268    5.41134   -2.70567    1 O_19               12.39894
 -10.82268    5.41134   -2.70567    1 O_19               12.39894
  10.82268   -5.41134   -2.70567    1 O_19               12.39894
 -10.82268   -5.41134   -2.70567    1 O_19               12.39894
  5.41134    10.82268   -2.70567    1 O_19               12.39894
 -5.41134    10.82268   -2.70567    1 O_19               12.39894
  5.41134   -10.82268   -2.70567    1 O_19               12.39894
 -5.41134   -10.82268   -2.70567    1 O_19               12.39894
  10.82268    2.70567   -5.41134    1 O_19               12.39894
 -10.82268    2.70567   -5.41134    1 O_19               12.39894
  10.82268   -2.70567   -5.41134    1 O_19               12.39894
 -10.82268   -2.70567   -5.41134    1 O_19               12.39894
  2.70567    10.82268   -5.41134    1 O_19               12.39894
 -2.70567    10.82268   -5.41134    1 O_19               12.39894
  2.70567   -10.82268   -5.41134    1 O_19               12.39894
 -2.70567   -10.82268   -5.41134    1 O_19               12.39894
  5.41134    2.70567    10.82268    1 O_19               12.39894
 -5.41134    2.70567    10.82268    1 O_19               12.39894
  2.70567    5.41134    10.82268    1 O_19               12.39894
 -2.70567    5.41134    10.82268    1 O_19               12.39894
  5.41134   -2.70567    10.82268    1 O_19               12.39894
 -5.41134   -2.70567    10.82268    1 O_19               12.39894
  2.70567   -5.41134    10.82268    1 O_19               12.39894
 -2.70567   -5.41134    10.82268    1 O_19               12.39894
  5.41134    2.70567   -10.82268    1 O_19               12.39894
 -5.41134    2.70567   -10.82268    1 O_19               12.39894
  2.70567    5.41134   -10.82268    1 O_19               12.39894
 -2.70567    5.41134   -10.82268    1 O_19               12.39894
  5.41134   -2.70567   -10.82268    1 O_19               12.39894
 -5.41134   -2.70567   -10.82268    1 O_19               12.39894
  2.70567   -5.41134   -10.82268    1 O_19               12.39894
 -2.70567   -5.41134   -10.82268    1 O_19               12.39894
  8.11701    8.11701    5.41134    1 O_20               12.69072
 -8.11701    8.11701    5.41134    1 O_20               12.69072
  8.11701   -8.11701    5.41134    1 O_20               12.69072
 -8.11701   -8.11701    5.41134    1 O_20               12.69072
  8.11701    5.41134    8.11701    1 O_20               12.69072
 -8.11701    5.41134    8.11701    1 O_20               12.69072
  5.41134    8.11701    8.11701    1 O_20               12.69072
 -5.41134    8.11701    8.11701    1 O_20               12.69072
  8.11701   -5.41134    8.11701    1 O_20               12.69072
 -8.11701   -5.41134    8.11701    1 O_20               12.69072
  5.41134   -8.11701    8.11701    1 O_20               12.69072
 -5.41134   -8.11701    8.11701    1 O_20               12.69072
  8.11701    8.11701   -5.41134    1 O_20               12.69072
 -8.11701    8.11701   -5.41134    1 O_20               12.69072
  8.11701   -8.11701   -5.41134    1 O_20               12.69072
 -8.11701   -8.11701   -5.41134    1 O_20               12.69072
  8.11701    5.41134   -8.11701    1 O_20               12.69072
 -8.11701    5.41134   -8.11701    1 O_20               12.69072
  5.41134    8.11701   -8.11701    1 O_20               12.69072
 -5.41134    8.11701   -8.11701    1 O_20               12.69072
  8.11701   -5.41134   -8.11701    1 O_20               12.69072
 -8.11701   -5.41134   -8.11701    1 O_20               12.69072
  5.41134   -8.11701   -8.11701    1 O_20               12.69072
 -5.41134   -8.11701   -8.11701    1 O_20               12.69072
  12.17552    4.05851    1.35284    2 Ce_12              12.90523
 -12.17552   -4.05851    1.35284    2 Ce_12              12.90523
  4.05851    12.17552    1.35284    2 Ce_12              12.90523
 -4.05851   -12.17552    1.35284    2 Ce_12              12.90523
  12.17552    1.35284    4.05851    2 Ce_12              12.90523
 -12.17552   -1.35284    4.05851    2 Ce_12              12.90523
  1.35284    12.17552    4.05851    2 Ce_12              12.90523
 -1.35284   -12.17552    4.05851    2 Ce_12              12.90523
 -12.17552    4.05851   -1.35284    2 Ce_12              12.90523
  12.17552   -4.05851   -1.35284    2 Ce_12              12.90523
 -4.05851    12.17552   -1.35284    2 Ce_12              12.90523
  4.05851   -12.17552   -1.35284    2 Ce_12              12.90523
 -12.17552    1.35284   -4.05851    2 Ce_12              12.90523
  12.17552   -1.35284   -4.05851    2 Ce_12              12.90523
 -1.35284    12.17552   -4.05851    2 Ce_12              12.90523
  1.35284   -12.17552   -4.05851    2 Ce_12              12.90523
  4.05851    1.35284    12.17552    2 Ce_12              12.90523
  1.35284    4.05851    12.17552    2 Ce_12              12.90523
 -4.05851   -1.35284    12.17552    2 Ce_12              12.90523
 -1.35284   -4.05851    12.17552    2 Ce_12              12.90523
 -4.05851    1.35284   -12.17552    2 Ce_12              12.90523
 -1.35284    4.05851   -12.17552    2 Ce_12              12.90523
  4.05851   -1.35284   -12.17552    2 Ce_12              12.90523
  1.35284   -4.05851   -12.17552    2 Ce_12              12.90523
  10.82268    5.41134    5.41134    1 O_21               13.25502
 -10.82268    5.41134    5.41134    1 O_21               13.25502
  10.82268   -5.41134    5.41134    1 O_21               13.25502
 -10.82268   -5.41134    5.41134    1 O_21               13.25502
  5.41134    10.82268    5.41134    1 O_21               13.25502
 -5.41134    10.82268    5.41134    1 O_21               13.25502
  5.41134   -10.82268    5.41134    1 O_21               13.25502
 -5.41134   -10.82268    5.41134    1 O_21               13.25502
  10.82268    5.41134   -5.41134    1 O_21               13.25502
 -10.82268    5.41134   -5.41134    1 O_21               13.25502
  10.82268   -5.41134   -5.41134    1 O_21               13.25502
 -10.82268   -5.41134   -5.41134    1 O_21               13.25502
  5.41134    10.82268   -5.41134    1 O_21               13.25502
 -5.41134    10.82268   -5.41134    1 O_21               13.25502
  5.41134   -10.82268   -5.41134    1 O_21               13.25502
 -5.41134   -10.82268   -5.41134    1 O_21               13.25502
  5.41134    5.41134    10.82268    1 O_21               13.25502
 -5.41134    5.41134    10.82268    1 O_21               13.25502
  5.41134   -5.41134    10.82268    1 O_21               13.25502
 -5.41134   -5.41134    10.82268    1 O_21               13.25502
  5.41134    5.41134   -10.82268    1 O_21               13.25502
 -5.41134    5.41134   -10.82268    1 O_21               13.25502
  5.41134   -5.41134   -10.82268    1 O_21               13.25502
 -5.41134   -5.41134   -10.82268    1 O_21               13.25502
 -9.46984    9.46984    1.35284    2 Ce_13              13.46053
  9.46984   -9.46984    1.35284    2 Ce_13              13.46053
 -12.17552    4.05851    4.05851    2 Ce_13              13.46055
  12.17552   -4.05851    4.05851    2 Ce_13              13.46055
 -4.05851    12.17552    4.05851    2 Ce_13              13.46055
  4.05851   -12.17552    4.05851    2 Ce_13              13.46055
  9.46984    6.76417    6.76417    2 Ce_13              13.46053
  6.76417    9.46984    6.76417    2 Ce_13              13.46053
 -9.46984   -6.76417    6.76417    2 Ce_13              13.46053
 -6.76417   -9.46984    6.76417    2 Ce_13              13.46053
 -9.46984    1.35284    9.46984    2 Ce_13              13.46053
  6.76417    6.76417    9.46984    2 Ce_13              13.46053
 -1.35284    9.46984    9.46984    2 Ce_13              13.46053
  9.46984   -1.35284    9.46984    2 Ce_13              13.46053
 -6.76417   -6.76417    9.46984    2 Ce_13              13.46053
  1.35284   -9.46984    9.46984    2 Ce_13              13.46053
  9.46984    9.46984   -1.35284    2 Ce_13              13.46053
 -9.46984   -9.46984   -1.35284    2 Ce_13              13.46053
  12.17552    4.05851   -4.05851    2 Ce_13              13.46055
 -12.17552   -4.05851   -4.05851    2 Ce_13              13.46055
  4.05851    12.17552   -4.05851    2 Ce_13              13.46055
 -4.05851   -12.17552   -4.05851    2 Ce_13              13.46055
 -9.46984    6.76417   -6.76417    2 Ce_13              13.46053
 -6.76417    9.46984   -6.76417    2 Ce_13              13.46053
  9.46984   -6.76417   -6.76417    2 Ce_13              13.46053
  6.76417   -9.46984   -6.76417    2 Ce_13              13.46053
  9.46984    1.35284   -9.46984    2 Ce_13              13.46053
 -6.76417    6.76417   -9.46984    2 Ce_13              13.46053
  1.35284    9.46984   -9.46984    2 Ce_13              13.46053
 -9.46984   -1.35284   -9.46984    2 Ce_13              13.46053
  6.76417   -6.76417   -9.46984    2 Ce_13              13.46053
 -1.35284   -9.46984   -9.46984    2 Ce_13              13.46053
 -4.05851    4.05851    12.17552    2 Ce_13              13.46055
  4.05851   -4.05851    12.17552    2 Ce_13              13.46055
  4.05851    4.05851   -12.17552    2 Ce_13              13.46055
 -4.05851   -4.05851   -12.17552    2 Ce_13              13.46055
  13.52835    0.00000    0.00000    1 O_22               13.52835
 -13.52835    0.00000    0.00000    1 O_22               13.52835
  10.82268    8.11701    0.00000    1 O_22               13.52835
 -10.82268    8.11701    0.00000    1 O_22               13.52835
  10.82268   -8.11701    0.00000    1 O_22               13.52835
 -10.82268   -8.11701    0.00000    1 O_22               13.52835
  8.11701    10.82268    0.00000    1 O_22               13.52835
 -8.11701    10.82268    0.00000    1 O_22               13.52835
  0.00000    13.52835    0.00000    1 O_22               13.52835
  8.11701   -10.82268    0.00000    1 O_22               13.52835
 -8.11701   -10.82268    0.00000    1 O_22               13.52835
  0.00000   -13.52835    0.00000    1 O_22               13.52835
  10.82268    0.00000    8.11701    1 O_22               13.52835
 -10.82268    0.00000    8.11701    1 O_22               13.52835
  0.00000    10.82268    8.11701    1 O_22               13.52835
  0.00000   -10.82268    8.11701    1 O_22               13.52835
  10.82268    0.00000   -8.11701    1 O_22               13.52835
 -10.82268    0.00000   -8.11701    1 O_22               13.52835
  0.00000    10.82268   -8.11701    1 O_22               13.52835
  0.00000   -10.82268   -8.11701    1 O_22               13.52835
  8.11701    0.00000    10.82268    1 O_22               13.52835
 -8.11701    0.00000    10.82268    1 O_22               13.52835
  0.00000    8.11701    10.82268    1 O_22               13.52835
  0.00000   -8.11701    10.82268    1 O_22               13.52835
  0.00000    0.00000    13.52835    1 O_22               13.52835
  8.11701    0.00000   -10.82268    1 O_22               13.52835
 -8.11701    0.00000   -10.82268    1 O_22               13.52835
  0.00000    8.11701   -10.82268    1 O_22               13.52835
  0.00000   -8.11701   -10.82268    1 O_22               13.52835
  0.00000    0.00000   -13.52835    1 O_22               13.52835
  13.52835    2.70567    0.00000    1 O_23               13.79626
 -13.52835    2.70567    0.00000    1 O_23               13.79626
  13.52835   -2.70567    0.00000    1 O_23               13.79626
 -13.52835   -2.70567    0.00000    1 O_23               13.79626
  2.70567    13.52835    0.00000    1 O_23               13.79626
 -2.70567    13.52835    0.00000    1 O_23               13.79626
  2.70567   -13.52835    0.00000    1 O_23               13.79626
 -2.70567   -13.52835    0.00000    1 O_23               13.79626
  13.52835    0.00000    2.70567    1 O_23               13.79626
 -13.52835    0.00000    2.70567    1 O_23               13.79626
  10.82268    8.11701    2.70567    1 O_23               13.79626
 -10.82268    8.11701    2.70567    1 O_23               13.79626
  10.82268   -8.11701    2.70567    1 O_23               13.79626
 -10.82268   -8.11701    2.70567    1 O_23               13.79626
  8.11701    10.82268    2.70567    1 O_23               13.79626
 -8.11701    10.82268    2.70567    1 O_23               13.79626
  0.00000    13.52835    2.70567    1 O_23               13.79626
  8.11701   -10.82268    2.70567    1 O_23               13.79626
 -8.11701   -10.82268    2.70567    1 O_23               13.79626
  0.00000   -13.52835    2.70567    1 O_23               13.79626
  10.82268    2.70567    8.11701    1 O_23               13.79626
 -10.82268    2.70567    8.11701    1 O_23               13.79626
  10.82268   -2.70567    8.11701    1 O_23               13.79626
 -10.82268   -2.70567    8.11701    1 O_23               13.79626
  2.70567    10.82268    8.11701    1 O_23               13.79626
 -2.70567    10.82268    8.11701    1 O_23               13.79626
  2.70567   -10.82268    8.11701    1 O_23               13.79626
 -2.70567   -10.82268    8.11701    1 O_23               13.79626
  13.52835    0.00000   -2.70567    1 O_23               13.79626
 -13.52835    0.00000   -2.70567    1 O_23               13.79626
  10.82268    8.11701   -2.70567    1 O_23               13.79626
 -10.82268    8.11701   -2.70567    1 O_23               13.79626
  10.82268   -8.11701   -2.70567    1 O_23               13.79626
 -10.82268   -8.11701   -2.70567    1 O_23               13.79626
  8.11701    10.82268   -2.70567    1 O_23               13.79626
 -8.11701    10.82268   -2.70567    1 O_23               13.79626
  0.00000    13.52835   -2.70567    1 O_23               13.79626
  8.11701   -10.82268   -2.70567    1 O_23               13.79626
 -8.11701   -10.82268   -2.70567    1 O_23               13.79626
  0.00000   -13.52835   -2.70567    1 O_23               13.79626
  10.82268    2.70567   -8.11701    1 O_23               13.79626
 -10.82268    2.70567   -8.11701    1 O_23               13.79626
  10.82268   -2.70567   -8.11701    1 O_23               13.79626
 -10.82268   -2.70567   -8.11701    1 O_23               13.79626
  2.70567    10.82268   -8.11701    1 O_23               13.79626
 -2.70567    10.82268   -8.11701    1 O_23               13.79626
  2.70567   -10.82268   -8.11701    1 O_23               13.79626
 -2.70567   -10.82268   -8.11701    1 O_23               13.79626
  8.11701    2.70567    10.82268    1 O_23               13.79626
 -8.11701    2.70567    10.82268    1 O_23               13.79626
  2.70567    8.11701    10.82268    1 O_23               13.79626
 -2.70567    8.11701    10.82268    1 O_23               13.79626
  8.11701   -2.70567    10.82268    1 O_23               13.79626
 -8.11701   -2.70567    10.82268    1 O_23               13.79626
  2.70567   -8.11701    10.82268    1 O_23               13.79626
 -2.70567   -8.11701    10.82268    1 O_23               13.79626
  2.70567    0.00000    13.52835    1 O_23               13.79626
 -2.70567    0.00000    13.52835    1 O_23               13.79626
  0.00000    2.70567    13.52835    1 O_23               13.79626
  0.00000   -2.70567    13.52835    1 O_23               13.79626
  8.11701    2.70567   -10.82268    1 O_23               13.79626
 -8.11701    2.70567   -10.82268    1 O_23               13.79626
  2.70567    8.11701   -10.82268    1 O_23               13.79626
 -2.70567    8.11701   -10.82268    1 O_23               13.79626
  8.11701   -2.70567   -10.82268    1 O_23               13.79626
 -8.11701   -2.70567   -10.82268    1 O_23               13.79626
  2.70567   -8.11701   -10.82268    1 O_23               13.79626
 -2.70567   -8.11701   -10.82268    1 O_23               13.79626
  2.70567    0.00000   -13.52835    1 O_23               13.79626
 -2.70567    0.00000   -13.52835    1 O_23               13.79626
  0.00000    2.70567   -13.52835    1 O_23               13.79626
  0.00000   -2.70567   -13.52835    1 O_23               13.79626
 -12.17552    6.76417    1.35284    2 Ce_14              13.99384
  12.17552   -6.76417    1.35284    2 Ce_14              13.99384
 -6.76417    12.17552    1.35284    2 Ce_14              13.99384
  6.76417   -12.17552    1.35284    2 Ce_14              13.99384
  9.46984    9.46984    4.05851    2 Ce_14              13.99383
 -9.46984   -9.46984    4.05851    2 Ce_14              13.99383
 -12.17552    1.35284    6.76417    2 Ce_14              13.99384
  12.17552   -1.35284    6.76417    2 Ce_14              13.99384
 -1.35284    12.17552    6.76417    2 Ce_14              13.99384
  1.35284   -12.17552    6.76417    2 Ce_14              13.99384
  9.46984    4.05851    9.46984    2 Ce_14              13.99383
  4.05851    9.46984    9.46984    2 Ce_14              13.99383
 -9.46984   -4.05851    9.46984    2 Ce_14              13.99383
 -4.05851   -9.46984    9.46984    2 Ce_14              13.99383
  12.17552    6.76417   -1.35284    2 Ce_14              13.99384
 -12.17552   -6.76417   -1.35284    2 Ce_14              13.99384
  6.76417    12.17552   -1.35284    2 Ce_14              13.99384
 -6.76417   -12.17552   -1.35284    2 Ce_14              13.99384
 -9.46984    9.46984   -4.05851    2 Ce_14              13.99383
  9.46984   -9.46984   -4.05851    2 Ce_14              13.99383
  12.17552    1.35284   -6.76417    2 Ce_14              13.99384
 -12.17552   -1.35284   -6.76417    2 Ce_14              13.99384
  1.35284    12.17552   -6.76417    2 Ce_14              13.99384
 -1.35284   -12.17552   -6.76417    2 Ce_14              13.99384
 -9.46984    4.05851   -9.46984    2 Ce_14              13.99383
 -4.05851    9.46984   -9.46984    2 Ce_14              13.99383
  9.46984   -4.05851   -9.46984    2 Ce_14              13.99383
  4.05851   -9.46984   -9.46984    2 Ce_14              13.99383
 -6.76417    1.35284    12.17552    2 Ce_14              13.99384
 -1.35284    6.76417    12.17552    2 Ce_14              13.99384
  6.76417   -1.35284    12.17552    2 Ce_14              13.99384
  1.35284   -6.76417    12.17552    2 Ce_14              13.99384
  6.76417    1.35284   -12.17552    2 Ce_14              13.99384
  1.35284    6.76417   -12.17552    2 Ce_14              13.99384
 -6.76417   -1.35284   -12.17552    2 Ce_14              13.99384
 -1.35284   -6.76417   -12.17552    2 Ce_14              13.99384
  13.52835    2.70567    2.70567    1 O_24               14.05907
 -13.52835    2.70567    2.70567    1 O_24               14.05907
  13.52835   -2.70567    2.70567    1 O_24               14.05907
 -13.52835   -2.70567    2.70567    1 O_24               14.05907
  2.70567    13.52835    2.70567    1 O_24               14.05907
 -2.70567    13.52835    2.70567    1 O_24               14.05907
  2.70567   -13.52835    2.70567    1 O_24               14.05907
 -2.70567   -13.52835    2.70567    1 O_24               14.05907
  8.11701    8.11701    8.11701    1 O_24               14.05907
 -8.11701    8.11701    8.11701    1 O_24               14.05907
  8.11701   -8.11701    8.11701    1 O_24               14.05907
 -8.11701   -8.11701    8.11701    1 O_24               14.05907
  13.52835    2.70567   -2.70567    1 O_24               14.05907
 -13.52835    2.70567   -2.70567    1 O_24               14.05907
  13.52835   -2.70567   -2.70567    1 O_24               14.05907
 -13.52835   -2.70567   -2.70567    1 O_24               14.05907
  2.70567    13.52835   -2.70567    1 O_24               14.05907
 -2.70567    13.52835   -2.70567    1 O_24               14.05907
  2.70567   -13.52835   -2.70567    1 O_24               14.05907
 -2.70567   -13.52835   -2.70567    1 O_24               14.05907
  8.11701    8.11701   -8.11701    1 O_24               14.05907
 -8.11701    8.11701   -8.11701    1 O_24               14.05907
  8.11701   -8.11701   -8.11701    1 O_24               14.05907
 -8.11701   -8.11701   -8.11701    1 O_24               14.05907
  2.70567    2.70567    13.52835    1 O_24               14.05907
 -2.70567    2.70567    13.52835    1 O_24               14.05907
  2.70567   -2.70567    13.52835    1 O_24               14.05907
 -2.70567   -2.70567    13.52835    1 O_24               14.05907
  2.70567    2.70567   -13.52835    1 O_24               14.05907
 -2.70567    2.70567   -13.52835    1 O_24               14.05907
  2.70567   -2.70567   -13.52835    1 O_24               14.05907
 -2.70567   -2.70567   -13.52835    1 O_24               14.05907
  12.17552    6.76417    4.05851    2 Ce_15              14.50754
 -12.17552   -6.76417    4.05851    2 Ce_15              14.50754
  6.76417    12.17552    4.05851    2 Ce_15              14.50754
 -6.76417   -12.17552    4.05851    2 Ce_15              14.50754
  12.17552    4.05851    6.76417    2 Ce_15              14.50754
 -12.17552   -4.05851    6.76417    2 Ce_15              14.50754
  4.05851    12.17552    6.76417    2 Ce_15              14.50754
 -4.05851   -12.17552    6.76417    2 Ce_15              14.50754
 -12.17552    6.76417   -4.05851    2 Ce_15              14.50754
  12.17552   -6.76417   -4.05851    2 Ce_15              14.50754
 -6.76417    12.17552   -4.05851    2 Ce_15              14.50754
  6.76417   -12.17552   -4.05851    2 Ce_15              14.50754
 -12.17552    4.05851   -6.76417    2 Ce_15              14.50754
  12.17552   -4.05851   -6.76417    2 Ce_15              14.50754
 -4.05851    12.17552   -6.76417    2 Ce_15              14.50754
  4.05851   -12.17552   -6.76417    2 Ce_15              14.50754
  6.76417    4.05851    12.17552    2 Ce_15              14.50754
  4.05851    6.76417    12.17552    2 Ce_15              14.50754
 -6.76417   -4.05851    12.17552    2 Ce_15              14.50754
 -4.05851   -6.76417    12.17552    2 Ce_15              14.50754
 -6.76417    4.05851   -12.17552    2 Ce_15              14.50754
 -4.05851    6.76417   -12.17552    2 Ce_15              14.50754
  6.76417   -4.05851   -12.17552    2 Ce_15              14.50754
  4.05851   -6.76417   -12.17552    2 Ce_15              14.50754
  13.52835    5.41134    0.00000    1 O_25               14.57048
 -13.52835    5.41134    0.00000    1 O_25               14.57048
  13.52835   -5.41134    0.00000    1 O_25               14.57048
 -13.52835   -5.41134    0.00000    1 O_25               14.57048
  5.41134    13.52835    0.00000    1 O_25               14.57048
 -5.41134    13.52835    0.00000    1 O_25               14.57048
  5.41134   -13.52835    0.00000    1 O_25               14.57048
 -5.41134   -13.52835    0.00000    1 O_25               14.57048
  13.52835    0.00000    5.41134    1 O_25               14.57048
 -13.52835    0.00000    5.41134    1 O_25               14.57048
  10.82268    8.11701    5.41134    1 O_25               14.57048
 -10.82268    8.11701    5.41134    1 O_25               14.57048
  10.82268   -8.11701    5.41134    1 O_25               14.57048
 -10.82268   -8.11701    5.41134    1 O_25               14.57048
  8.11701    10.82268    5.41134    1 O_25               14.57048
 -8.11701    10.82268    5.41134    1 O_25               14.57048
  0.00000    13.52835    5.41134    1 O_25               14.57048
  8.11701   -10.82268    5.41134    1 O_25               14.57048
 -8.11701   -10.82268    5.41134    1 O_25               14.57048
  0.00000   -13.52835    5.41134    1 O_25               14.57048
  10.82268    5.41134    8.11701    1 O_25               14.57048
 -10.82268    5.41134    8.11701    1 O_25               14.57048
  10.82268   -5.41134    8.11701    1 O_25               14.57048
 -10.82268   -5.41134    8.11701    1 O_25               14.57048
  5.41134    10.82268    8.11701    1 O_25               14.57048
 -5.41134    10.82268    8.11701    1 O_25               14.57048
  5.41134   -10.82268    8.11701    1 O_25               14.57048
 -5.41134   -10.82268    8.11701    1 O_25               14.57048
  13.52835    0.00000   -5.41134    1 O_25               14.57048
 -13.52835    0.00000   -5.41134    1 O_25               14.57048
  10.82268    8.11701   -5.41134    1 O_25               14.57048
 -10.82268    8.11701   -5.41134    1 O_25               14.57048
  10.82268   -8.11701   -5.41134    1 O_25               14.57048
 -10.82268   -8.11701   -5.41134    1 O_25               14.57048
  8.11701    10.82268   -5.41134    1 O_25               14.57048
 -8.11701    10.82268   -5.41134    1 O_25               14.57048
  0.00000    13.52835   -5.41134    1 O_25               14.57048
  8.11701   -10.82268   -5.41134    1 O_25               14.57048
 -8.11701   -10.82268   -5.41134    1 O_25               14.57048
  0.00000   -13.52835   -5.41134    1 O_25               14.57048
  10.82268    5.41134   -8.11701    1 O_25               14.57048
 -10.82268    5.41134   -8.11701    1 O_25               14.57048
  10.82268   -5.41134   -8.11701    1 O_25               14.57048
 -10.82268   -5.41134   -8.11701    1 O_25               14.57048
  5.41134    10.82268   -8.11701    1 O_25               14.57048
 -5.41134    10.82268   -8.11701    1 O_25               14.57048
  5.41134   -10.82268   -8.11701    1 O_25               14.57048
 -5.41134   -10.82268   -8.11701    1 O_25               14.57048
  8.11701    5.41134    10.82268    1 O_25               14.57048
 -8.11701    5.41134    10.82268    1 O_25               14.57048
  5.41134    8.11701    10.82268    1 O_25               14.57048
 -5.41134    8.11701    10.82268    1 O_25               14.57048
  8.11701   -5.41134    10.82268    1 O_25               14.57048
 -8.11701   -5.41134    10.82268    1 O_25               14.57048
  5.41134   -8.11701    10.82268    1 O_25               14.57048
 -5.41134   -8.11701    10.82268    1 O_25               14.57048
  5.41134    0.00000    13.52835    1 O_25               14.57048
 -5.41134    0.00000    13.52835    1 O_25               14.57048
  0.00000    5.41134    13.52835    1 O_25               14.57048
  0.00000   -5.41134    13.52835    1 O_25               14.57048
  8.11701    5.41134   -10.82268    1 O_25               14.57048
 -8.11701    5.41134   -10.82268    1 O_25               14.57048
  5.41134    8.11701   -10.82268    1 O_25               14.57048
 -5.41134    8.11701   -10.82268    1 O_25               14.57048
  8.11701   -5.41134   -10.82268    1 O_25               14.57048
 -8.11701   -5.41134   -10.82268    1 O_25               14.57048
  5.41134   -8.11701   -10.82268    1 O_25               14.57048
 -5.41134   -8.11701   -10.82268    1 O_25               14.57048
  5.41134    0.00000   -13.52835    1 O_25               14.57048
 -5.41134    0.00000   -13.52835    1 O_25               14.57048
  0.00000    5.41134   -13.52835    1 O_25               14.57048
  0.00000   -5.41134   -13.52835    1 O_25               14.57048
  13.52835    5.41134    2.70567    1 O_26               14.81956
 -13.52835    5.41134    2.70567    1 O_26               14.81956
  13.52835   -5.41134    2.70567    1 O_26               14.81956
 -13.52835   -5.41134    2.70567    1 O_26               14.81956
  5.41134    13.52835    2.70567    1 O_26               14.81956
 -5.41134    13.52835    2.70567    1 O_26               14.81956
  5.41134   -13.52835    2.70567    1 O_26               14.81956
 -5.41134   -13.52835    2.70567    1 O_26               14.81956
  13.52835    2.70567    5.41134    1 O_26               14.81956
 -13.52835    2.70567    5.41134    1 O_26               14.81956
  13.52835   -2.70567    5.41134    1 O_26               14.81956
 -13.52835   -2.70567    5.41134    1 O_26               14.81956
  2.70567    13.52835    5.41134    1 O_26               14.81956
 -2.70567    13.52835    5.41134    1 O_26               14.81956
  2.70567   -13.52835    5.41134    1 O_26               14.81956
 -2.70567   -13.52835    5.41134    1 O_26               14.81956
  13.52835    5.41134   -2.70567    1 O_26               14.81956
 -13.52835    5.41134   -2.70567    1 O_26               14.81956
  13.52835   -5.41134   -2.70567    1 O_26               14.81956
 -13.52835   -5.41134   -2.70567    1 O_26               14.81956
  5.41134    13.52835   -2.70567    1 O_26               14.81956
 -5.41134    13.52835   -2.70567    1 O_26               14.81956
  5.41134   -13.52835   -2.70567    1 O_26               14.81956
 -5.41134   -13.52835   -2.70567    1 O_26               14.81956
  13.52835    2.70567   -5.41134    1 O_26               14.81956
 -13.52835    2.70567   -5.41134    1 O_26               14.81956
  13.52835   -2.70567   -5.41134    1 O_26               14.81956
 -13.52835   -2.70567   -5.41134    1 O_26               14.81956
  2.70567    13.52835   -5.41134    1 O_26               14.81956
 -2.70567    13.52835   -5.41134    1 O_26               14.81956
  2.70567   -13.52835   -5.41134    1 O_26               14.81956
 -2.70567   -13.52835   -5.41134    1 O_26               14.81956
  5.41134    2.70567    13.52835    1 O_26               14.81956
 -5.41134    2.70567    13.52835    1 O_26               14.81956
  2.70567    5.41134    13.52835    1 O_26               14.81956
 -2.70567    5.41134    13.52835    1 O_26               14.81956
  5.41134   -2.70567    13.52835    1 O_26               14.81956
 -5.41134   -2.70567    13.52835    1 O_26               14.81956
  2.70567   -5.41134    13.52835    1 O_26               14.81956
 -2.70567   -5.41134    13.52835    1 O_26               14.81956
  5.41134    2.70567   -13.52835    1 O_26               14.81956
 -5.41134    2.70567   -13.52835    1 O_26               14.81956
  2.70567    5.41134   -13.52835    1 O_26               14.81956
 -2.70567    5.41134   -13.52835    1 O_26               14.81956
  5.41134   -2.70567   -13.52835    1 O_26               14.81956
 -5.41134   -2.70567   -13.52835    1 O_26               14.81956
  2.70567   -5.41134   -13.52835    1 O_26               14.81956
 -2.70567   -5.41134   -13.52835    1 O_26               14.81956
  14.88119    1.35284    1.35284    2 Ce_16              15.00367
 -14.88119   -1.35284    1.35284    2 Ce_16              15.00367
  1.35284    14.88119    1.35284    2 Ce_16              15.00367
 -1.35284   -14.88119    1.35284    2 Ce_16              15.00367
 -9.46984    9.46984    6.76417    2 Ce_16              15.00366
  9.46984   -9.46984    6.76417    2 Ce_16              15.00366
 -9.46984    6.76417    9.46984    2 Ce_16              15.00366
 -6.76417    9.46984    9.46984    2 Ce_16              15.00366
  9.46984   -6.76417    9.46984    2 Ce_16              15.00366
  6.76417   -9.46984    9.46984    2 Ce_16              15.00366
 -14.88119    1.35284   -1.35284    2 Ce_16              15.00367
  14.88119   -1.35284   -1.35284    2 Ce_16              15.00367
 -1.35284    14.88119   -1.35284    2 Ce_16              15.00367
  1.35284   -14.88119   -1.35284    2 Ce_16              15.00367
  9.46984    9.46984   -6.76417    2 Ce_16              15.00366
 -9.46984   -9.46984   -6.76417    2 Ce_16              15.00366
  9.46984    6.76417   -9.46984    2 Ce_16              15.00366
  6.76417    9.46984   -9.46984    2 Ce_16              15.00366
 -9.46984   -6.76417   -9.46984    2 Ce_16              15.00366
 -6.76417   -9.46984   -9.46984    2 Ce_16              15.00366
  1.35284    1.35284    14.88119    2 Ce_16              15.00367
 -1.35284   -1.35284    14.88119    2 Ce_16              15.00367
 -1.35284    1.35284   -14.88119    2 Ce_16              15.00367
  1.35284   -1.35284   -14.88119    2 Ce_16              15.00367
  10.82268    10.82268    0.00000    1 O_27               15.30558
 -10.82268    10.82268    0.00000    1 O_27               15.30558
  10.82268   -10.82268    0.00000    1 O_27               15.30558
 -10.82268   -10.82268    0.00000    1 O_27               15.30558
  10.82268    0.00000    10.82268    1 O_27               15.30558
 -10.82268    0.00000    10.82268    1 O_27               15.30558
  0.00000    10.82268    10.82268    1 O_27               15.30558
  0.00000   -10.82268    10.82268    1 O_27               15.30558
  10.82268    0.00000   -10.82268    1 O_27               15.30558
 -10.82268    0.00000   -10.82268    1 O_27               15.30558
  0.00000    10.82268   -10.82268    1 O_27               15.30558
  0.00000   -10.82268   -10.82268    1 O_27               15.30558
 -14.88119    4.05851    1.35284    2 Ce_17              15.48391
  12.17552    9.46984    1.35284    2 Ce_17              15.48391
  14.88119   -4.05851    1.35284    2 Ce_17              15.48391
 -12.17552   -9.46984    1.35284    2 Ce_17              15.48391
  9.46984    12.17552    1.35284    2 Ce_17              15.48391
 -4.05851    14.88119    1.35284    2 Ce_17              15.48391
 -9.46984   -12.17552    1.35284    2 Ce_17              15.48391
  4.05851   -14.88119    1.35284    2 Ce_17              15.48391
 -14.88119    1.35284    4.05851    2 Ce_17              15.48391
  14.88119   -1.35284    4.05851    2 Ce_17              15.48391
 -1.35284    14.88119    4.05851    2 Ce_17              15.48391
  1.35284   -14.88119    4.05851    2 Ce_17              15.48391
 -12.17552    6.76417    6.76417    2 Ce_17              15.48390
  12.17552   -6.76417    6.76417    2 Ce_17              15.48390
 -6.76417    12.17552    6.76417    2 Ce_17              15.48390
  6.76417   -12.17552    6.76417    2 Ce_17              15.48390
  12.17552    1.35284    9.46984    2 Ce_17              15.48391
 -12.17552   -1.35284    9.46984    2 Ce_17              15.48391
  1.35284    12.17552    9.46984    2 Ce_17              15.48391
 -1.35284   -12.17552    9.46984    2 Ce_17              15.48391
  14.88119    4.05851   -1.35284    2 Ce_17              15.48391
 -12.17552    9.46984   -1.35284    2 Ce_17              15.48391
 -14.88119   -4.05851   -1.35284    2 Ce_17              15.48391
  12.17552   -9.46984   -1.35284    2 Ce_17              15.48391
 -9.46984    12.17552   -1.35284    2 Ce_17              15.48391
  4.05851    14.88119   -1.35284    2 Ce_17              15.48391
  9.46984   -12.17552   -1.35284    2 Ce_17              15.48391
 -4.05851   -14.88119   -1.35284    2 Ce_17              15.48391
  14.88119    1.35284   -4.05851    2 Ce_17              15.48391
 -14.88119   -1.35284   -4.05851    2 Ce_17              15.48391
  1.35284    14.88119   -4.05851    2 Ce_17              15.48391
 -1.35284   -14.88119   -4.05851    2 Ce_17              15.48391
  12.17552    6.76417   -6.76417    2 Ce_17              15.48390
 -12.17552   -6.76417   -6.76417    2 Ce_17              15.48390
  6.76417    12.17552   -6.76417    2 Ce_17              15.48390
 -6.76417   -12.17552   -6.76417    2 Ce_17              15.48390
 -12.17552    1.35284   -9.46984    2 Ce_17              15.48391
  12.17552   -1.35284   -9.46984    2 Ce_17              15.48391
 -1.35284    12.17552   -9.46984    2 Ce_17              15.48391
  1.35284   -12.17552   -9.46984    2 Ce_17              15.48391
  9.46984    1.35284    12.17552    2 Ce_17              15.48391
 -6.76417    6.76417    12.17552    2 Ce_17              15.48390
  1.35284    9.46984    12.17552    2 Ce_17              15.48391
 -9.46984   -1.35284    12.17552    2 Ce_17              15.48391
  6.76417   -6.76417    12.17552    2 Ce_17              15.48390
 -1.35284   -9.46984    12.17552    2 Ce_17              15.48391
 -4.05851    1.35284    14.88119    2 Ce_17              15.48391
 -1.35284    4.05851    14.88119    2 Ce_17              15.48391
  4.05851   -1.35284    14.88119    2 Ce_17              15.48391
  1.35284   -4.05851    14.88119    2 Ce_17              15.48391
 -9.46984    1.35284   -12.17552    2 Ce_17              15.48391
  6.76417    6.76417   -12.17552    2 Ce_17              15.48390
 -1.35284    9.46984   -12.17552    2 Ce_17              15.48391
  9.46984   -1.35284   -12.17552    2 Ce_17              15.48391
 -6.76417   -6.76417   -12.17552    2 Ce_17              15.48390
  1.35284   -9.46984   -12.17552    2 Ce_17              15.48391
  4.05851    1.35284   -14.88119    2 Ce_17              15.48391
  1.35284    4.05851   -14.88119    2 Ce_17              15.48391
 -4.05851   -1.35284   -14.88119    2 Ce_17              15.48391
 -1.35284   -4.05851   -14.88119    2 Ce_17              15.48391
  10.82268    10.82268    2.70567    1 O_28               15.54289
 -10.82268    10.82268    2.70567    1 O_28               15.54289
  10.82268   -10.82268    2.70567    1 O_28               15.54289
 -10.82268   -10.82268    2.70567    1 O_28               15.54289
  13.52835    5.41134    5.41134    1 O_28               15.54289
 -13.52835    5.41134    5.41134    1 O_28               15.54289
  13.52835   -5.41134    5.41134    1 O_28               15.54289
 -13.52835   -5.41134    5.41134    1 O_28               15.54289
  5.41134    13.52835    5.41134    1 O_28               15.54289
 -5.41134    13.52835    5.41134    1 O_28               15.54289
  5.41134   -13.52835    5.41134    1 O_28               15.54289
 -5.41134   -13.52835    5.41134    1 O_28               15.54289
  10.82268    10.82268   -2.70567    1 O_28               15.54289
 -10.82268    10.82268   -2.70567    1 O_28               15.54289
  10.82268   -10.82268   -2.70567    1 O_28               15.54289
 -10.82268   -10.82268   -2.70567    1 O_28               15.54289
  13.52835    5.41134   -5.41134    1 O_28               15.54289
 -13.52835    5.41134   -5.41134    1 O_28               15.54289
  13.52835   -5.41134   -5.41134    1 O_28               15.54289
 -13.52835   -5.41134   -5.41134    1 O_28               15.54289
  5.41134    13.52835   -5.41134    1 O_28               15.54289
 -5.41134    13.52835   -5.41134    1 O_28               15.54289
  5.41134   -13.52835   -5.41134    1 O_28               15.54289
 -5.41134   -13.52835   -5.41134    1 O_28               15.54289
  10.82268    2.70567    10.82268    1 O_28               15.54289
 -10.82268    2.70567    10.82268    1 O_28               15.54289
  10.82268   -2.70567    10.82268    1 O_28               15.54289
 -10.82268   -2.70567    10.82268    1 O_28               15.54289
  2.70567    10.82268    10.82268    1 O_28               15.54289
 -2.70567    10.82268    10.82268    1 O_28               15.54289
  2.70567   -10.82268    10.82268    1 O_28               15.54289
 -2.70567   -10.82268    10.82268    1 O_28               15.54289
  5.41134    5.41134    13.52835    1 O_28               15.54289
 -5.41134    5.41134    13.52835    1 O_28               15.54289
  5.41134   -5.41134    13.52835    1 O_28               15.54289
 -5.41134   -5.41134    13.52835    1 O_28               15.54289
  10.82268    2.70567   -10.82268    1 O_28               15.54289
 -10.82268    2.70567   -10.82268    1 O_28               15.54289
  10.82268   -2.70567   -10.82268    1 O_28               15.54289
 -10.82268   -2.70567   -10.82268    1 O_28               15.54289
  2.70567    10.82268   -10.82268    1 O_28               15.54289
 -2.70567    10.82268   -10.82268    1 O_28               15.54289
  2.70567   -10.82268   -10.82268    1 O_28               15.54289
 -2.70567   -10.82268   -10.82268    1 O_28               15.54289
  5.41134    5.41134   -13.52835    1 O_28               15.54289
 -5.41134    5.41134   -13.52835    1 O_28               15.54289
  5.41134   -5.41134   -13.52835    1 O_28               15.54289
 -5.41134   -5.41134   -13.52835    1 O_28               15.54289
  13.52835    8.11701    0.00000    1 O_29               15.77663
 -13.52835    8.11701    0.00000    1 O_29               15.77663
  13.52835   -8.11701    0.00000    1 O_29               15.77663
 -13.52835   -8.11701    0.00000    1 O_29               15.77663
  8.11701    13.52835    0.00000    1 O_29               15.77663
 -8.11701    13.52835    0.00000    1 O_29               15.77663
  8.11701   -13.52835    0.00000    1 O_29               15.77663
 -8.11701   -13.52835    0.00000    1 O_29               15.77663
  13.52835    0.00000    8.11701    1 O_29               15.77663
 -13.52835    0.00000    8.11701    1 O_29               15.77663
  10.82268    8.11701    8.11701    1 O_29               15.77663
 -10.82268    8.11701    8.11701    1 O_29               15.77663
  10.82268   -8.11701    8.11701    1 O_29               15.77663
 -10.82268   -8.11701    8.11701    1 O_29               15.77663
  8.11701    10.82268    8.11701    1 O_29               15.77663
 -8.11701    10.82268    8.11701    1 O_29               15.77663
  0.00000    13.52835    8.11701    1 O_29               15.77663
  8.11701   -10.82268    8.11701    1 O_29               15.77663
 -8.11701   -10.82268    8.11701    1 O_29               15.77663
  0.00000   -13.52835    8.11701    1 O_29               15.77663
  13.52835    0.00000   -8.11701    1 O_29               15.77663
 -13.52835    0.00000   -8.11701    1 O_29               15.77663
  10.82268    8.11701   -8.11701    1 O_29               15.77663
 -10.82268    8.11701   -8.11701    1 O_29               15.77663
  10.82268   -8.11701   -8.11701    1 O_29               15.77663
 -10.82268   -8.11701   -8.11701    1 O_29               15.77663
  8.11701    10.82268   -8.11701    1 O_29               15.77663
 -8.11701    10.82268   -8.11701    1 O_29               15.77663
  0.00000    13.52835   -8.11701    1 O_29               15.77663
  8.11701   -10.82268   -8.11701    1 O_29               15.77663
 -8.11701   -10.82268   -8.11701    1 O_29               15.77663
  0.00000   -13.52835   -8.11701    1 O_29               15.77663
  8.11701    8.11701    10.82268    1 O_29               15.77663
 -8.11701    8.11701    10.82268    1 O_29               15.77663
  8.11701   -8.11701    10.82268    1 O_29               15.77663
 -8.11701   -8.11701    10.82268    1 O_29               15.77663
  8.11701    0.00000    13.52835    1 O_29               15.77663
 -8.11701    0.00000    13.52835    1 O_29               15.77663
  0.00000    8.11701    13.52835    1 O_29               15.77663
  0.00000   -8.11701    13.52835    1 O_29               15.77663
  8.11701    8.11701   -10.82268    1 O_29               15.77663
 -8.11701    8.11701   -10.82268    1 O_29               15.77663
