  0.00000     0.00000     0.00000    0   O2_00            0.00000
 -1.35375     1.35375    -1.35375    1   Ce3_01           2.34476
  1.35375    -1.35375    -1.35375    1   Ce2_01           2.34476
  1.35375     1.35375     1.35375    1   Ce1_01           2.34476
 -1.35375    -1.35375     1.35375    1   Ce4_01           2.34476
  0.00000    -2.70750     0.00000    2   O5_01            2.70750
  0.00000     0.00000    -2.70750    2   O3_01            2.70750
  0.00000     0.00000     2.70750    2   O3_02            2.70750
  0.00000     2.70750     0.00000    2   O5_02            2.70750
  2.70750     0.00000     0.00000    2   O7_01            2.70750
 -2.70750     0.00000     0.00000    2   O7_01            2.70750
 -2.70750    -2.70750     0.00000    2   O4_01            3.82898
  0.00000    -2.70750    -2.70750    2   O8_01            3.82898
  0.00000     2.70750    -2.70750    2   O8_01            3.82898
  2.70750     0.00000    -2.70750    2   O6_01            3.82898
  2.70750    -2.70750     0.00000    2   O4_02            3.82898
 -2.70750     0.00000     2.70750    2   O6_02            3.82898
  0.00000    -2.70750     2.70750    2   O8_02            3.82898
 -2.70750     2.70750     0.00000    2   O4_03            3.82898
  2.70750     2.70750     0.00000    2   O4_03            3.82898
  2.70750     0.00000     2.70750    2   O6_03            3.82898
  0.00000     2.70750     2.70750    2   O8_03            3.82898
 -2.70750     0.00000    -2.70750    2   O6_04            3.82898
 -1.35375    -4.06125    -1.35375    1   Ce3_02           4.48988
  1.35375    -4.06125     1.35375    1   Ce1_02           4.48988
  1.35375     1.35375    -4.06125    1   Ce1_02           4.48988
 -1.35375    -1.35375    -4.06125    1   Ce4_02           4.48988
  4.06125    -1.35375     1.35375    1   Ce4_02           4.48988
 -1.35375     1.35375     4.06125    1   Ce3_03           4.48988
 -4.06125     1.35375     1.35375    1   Ce1_03           4.48988
  4.06125     1.35375    -1.35375    1   Ce3_04           4.48988
 -1.35375     4.06125     1.35375    1   Ce4_03           4.48988
  1.35375    -1.35375     4.06125    1   Ce2_02           4.48988
  1.35375     4.06125    -1.35375    1   Ce2_02           4.48988
 -4.06125    -1.35375    -1.35375    1   Ce2_02           4.48988
  2.70750    -2.70750    -2.70750    2   O1_01            4.68953
 -2.70750    -2.70750     2.70750    2   O1_01            4.68953
 -2.70750     2.70750    -2.70750    2   O1_01            4.68953
  2.70750     2.70750    -2.70750    2   O1_01            4.68953
 -2.70750     2.70750     2.70750    2   O1_01            4.68953
  2.70750    -2.70750     2.70750    2   O1_01            4.68953
  2.70750     2.70750     2.70750    2   O1_01            4.68953
 -2.70750    -2.70750    -2.70750    2   O1_01            4.68953
 -5.41500     0.00000     0.00000    2   O2_01            5.41500
  0.00000     0.00000     5.41500    2   O2_01            5.41500
  0.00000    -5.41500     0.00000    2   O2_01            5.41500
  0.00000     0.00000    -5.41500    2   O2_01            5.41500
  0.00000     5.41500     0.00000    2   O2_01            5.41500
  5.41500     0.00000     0.00000    2   O2_01            5.41500
 -1.35375     4.06125    -4.06125    1   Ce4_04           5.90086
  4.06125     1.35375     4.06125    1   Ce3_05           5.90086
 -4.06125     4.06125    -1.35375    1   Ce2_03           5.90086
 -4.06125    -4.06125     1.35375    1   Ce1_04           5.90086
 -4.06125    -1.35375     4.06125    1   Ce2_04           5.90086
  1.35375     4.06125     4.06125    1   Ce2_04           5.90086
 -1.35375    -4.06125     4.06125    1   Ce3_06           5.90086
  4.06125    -4.06125    -1.35375    1   Ce3_06           5.90086
  4.06125    -1.35375    -4.06125    1   Ce4_05           5.90086
  4.06125     4.06125     1.35375    1   Ce4_05           5.90086
  1.35375    -4.06125    -4.06125    1   Ce1_05           5.90086
 -4.06125     1.35375    -4.06125    1   Ce1_05           5.90086
  5.41500     0.00000    -2.70750    2   O3_03            6.05415
  2.70750     0.00000     5.41500    2   O7_02            6.05415
 -5.41500    -2.70750     0.00000    2   O5_03            6.05415
  5.41500     2.70750     0.00000    2   O5_03            6.05415
  2.70750     5.41500     0.00000    2   O7_03            6.05415
 -2.70750     0.00000     5.41500    2   O7_03            6.05415
  0.00000    -5.41500    -2.70750    2   O3_04            6.05415
 -2.70750     0.00000    -5.41500    2   O7_04            6.05415
 -2.70750    -5.41500     0.00000    2   O7_04            6.05415
  0.00000     2.70750    -5.41500    2   O5_04            6.05415
  0.00000    -2.70750    -5.41500    2   O5_04            6.05415
  0.00000    -5.41500     2.70750    2   O3_05            6.05415
 -2.70750     5.41500     0.00000    2   O7_05            6.05415
 -5.41500     0.00000    -2.70750    2   O3_06            6.05415
  2.70750    -5.41500     0.00000    2   O7_06            6.05415
  5.41500    -2.70750     0.00000    2   O5_05            6.05415
  2.70750     0.00000    -5.41500    2   O7_07            6.05415
  5.41500     0.00000     2.70750    2   O3_07            6.05415
  0.00000     5.41500    -2.70750    2   O3_07            6.05415
  0.00000     5.41500     2.70750    2   O3_07            6.05415
 -5.41500     0.00000     2.70750    2   O3_07            6.05415
 -5.41500     2.70750     0.00000    2   O5_06            6.05415
  0.00000     2.70750     5.41500    2   O5_06            6.05415
  0.00000    -2.70750     5.41500    2   O5_06            6.05415
  2.70750    -2.70750     5.41500    2   O4_04            6.63199
 -2.70750     2.70750     5.41500    2   O4_04            6.63199
 -2.70750     5.41500    -2.70750    2   O6_05            6.63199
 -2.70750    -5.41500    -2.70750    2   O6_05            6.63199
 -2.70750     5.41500     2.70750    2   O6_05            6.63199
  2.70750    -2.70750    -5.41500    2   O4_05            6.63199
 -2.70750     2.70750    -5.41500    2   O4_05            6.63199
 -5.41500    -2.70750     2.70750    2   O8_04            6.63199
 -5.41500    -2.70750    -2.70750    2   O8_04            6.63199
 -2.70750    -2.70750     5.41500    2   O4_06            6.63199
  5.41500    -2.70750    -2.70750    2   O8_05            6.63199
 -2.70750    -2.70750    -5.41500    2   O4_07            6.63199
 -2.70750    -5.41500     2.70750    2   O6_06            6.63199
  2.70750     5.41500    -2.70750    2   O6_06            6.63199
  5.41500    -2.70750     2.70750    2   O8_06            6.63199
  5.41500     2.70750    -2.70750    2   O8_06            6.63199
 -5.41500     2.70750    -2.70750    2   O8_06            6.63199
 -5.41500     2.70750     2.70750    2   O8_06            6.63199
  2.70750     2.70750    -5.41500    2   O4_08            6.63199
  2.70750     2.70750     5.41500    2   O4_08            6.63199
  2.70750     5.41500     2.70750    2   O6_07            6.63199
  2.70750    -5.41500     2.70750    2   O6_07            6.63199
  5.41500     2.70750     2.70750    2   O8_07            6.63199
  2.70750    -5.41500    -2.70750    2   O6_08            6.63199
 -4.06125     4.06125     4.06125    1   Ce2_05           7.03429
  4.06125    -4.06125     4.06125    1   Ce3_07           7.03429
 -4.06125    -4.06125    -4.06125    1   Ce1_06           7.03429
  4.06125     4.06125    -4.06125    1   Ce4_06           7.03429
  1.35375    -6.76875    -1.35375    1   Ce2_06           7.03429
 -6.76875     1.35375    -1.35375    1   Ce3_08           7.03429
 -6.76875    -1.35375     1.35375    1   Ce4_07           7.03429
 -1.35375     1.35375    -6.76875    1   Ce3_09           7.03429
  6.76875    -1.35375    -1.35375    1   Ce2_07           7.03429
 -1.35375     6.76875    -1.35375    1   Ce3_10           7.03429
  1.35375     1.35375     6.76875    1   Ce1_07           7.03429
  1.35375    -1.35375    -6.76875    1   Ce2_08           7.03429
  1.35375     6.76875     1.35375    1   Ce1_08           7.03429
  6.76875     1.35375     1.35375    1   Ce1_08           7.03429
 -1.35375    -1.35375     6.76875    1   Ce4_08           7.03429
 -1.35375    -6.76875     1.35375    1   Ce4_08           7.03429
 -5.41500    -5.41500     0.00000    2   O2_02            7.65797
  0.00000    -5.41500     5.41500    2   O2_02            7.65797
  5.41500     0.00000     5.41500    2   O2_02            7.65797
  5.41500    -5.41500     0.00000    2   O2_02            7.65797
 -5.41500     0.00000     5.41500    2   O2_02            7.65797
 -5.41500     5.41500     0.00000    2   O2_02            7.65797
  0.00000    -5.41500    -5.41500    2   O2_02            7.65797
 -5.41500     0.00000    -5.41500    2   O2_02            7.65797
  5.41500     5.41500     0.00000    2   O2_02            7.65797
  0.00000     5.41500     5.41500    2   O2_02            7.65797
  0.00000     5.41500    -5.41500    2   O2_02            7.65797
  5.41500     0.00000    -5.41500    2   O2_02            7.65797
 -1.35375    -6.76875    -4.06125    1   Ce4_09           8.00889
 -4.06125    -1.35375    -6.76875    1   Ce2_09           8.00889
 -1.35375    -4.06125    -6.76875    1   Ce3_11           8.00889
  1.35375     4.06125    -6.76875    1   Ce2_10           8.00889
  6.76875     4.06125    -1.35375    1   Ce2_10           8.00889
 -6.76875     1.35375     4.06125    1   Ce3_12           8.00889
  1.35375    -6.76875     4.06125    1   Ce2_11           8.00889
  6.76875     1.35375    -4.06125    1   Ce1_09           8.00889
  1.35375     6.76875    -4.06125    1   Ce1_09           8.00889
 -4.06125     6.76875     1.35375    1   Ce1_09           8.00889
  4.06125    -6.76875     1.35375    1   Ce4_10           8.00889
 -6.76875    -4.06125    -1.35375    1   Ce3_13           8.00889
  6.76875    -4.06125     1.35375    1   Ce1_10           8.00889
  1.35375    -4.06125     6.76875    1   Ce1_10           8.00889
 -4.06125     1.35375     6.76875    1   Ce1_10           8.00889
 -1.35375     4.06125     6.76875    1   Ce4_11           8.00889
  4.06125     6.76875    -1.35375    1   Ce3_14           8.00889
 -6.76875     4.06125     1.35375    1   Ce4_12           8.00889
  4.06125     1.35375    -6.76875    1   Ce3_15           8.00889
  4.06125    -1.35375     6.76875    1   Ce4_13           8.00889
  6.76875    -1.35375     4.06125    1   Ce2_12           8.00889
 -1.35375     6.76875     4.06125    1   Ce3_16           8.00889
 -4.06125    -6.76875    -1.35375    1   Ce2_13           8.00889
 -6.76875    -1.35375    -4.06125    1   Ce4_14           8.00889
  0.00000    -8.12250     0.00000    2   O5_07            8.12250
  0.00000     0.00000     8.12250    2   O3_08            8.12250
  0.00000     0.00000    -8.12250    2   O3_08            8.12250
 -8.12250     0.00000     0.00000    2   O7_08            8.12250
  0.00000     8.12250     0.00000    2   O5_08            8.12250
  8.12250     0.00000     0.00000    2   O7_09            8.12250
 -2.70750     5.41500     5.41500    2   O7_09            8.12250
 -5.41500     5.41500    -2.70750    2   O3_09            8.12250
  5.41500    -2.70750     5.41500    2   O5_09            8.12250
  2.70750    -5.41500     5.41500    2   O7_10            8.12250
 -5.41500     2.70750     5.41500    2   O5_10            8.12250
  5.41500    -5.41500     2.70750    2   O3_10            8.12250
 -5.41500    -5.41500     2.70750    2   O3_10            8.12250
  5.41500     5.41500    -2.70750    2   O3_10            8.12250
 -2.70750    -5.41500     5.41500    2   O7_11            8.12250
  5.41500     2.70750    -5.41500    2   O5_11            8.12250
 -5.41500    -5.41500    -2.70750    2   O3_11            8.12250
  5.41500    -5.41500    -2.70750    2   O3_11            8.12250
 -5.41500    -2.70750     5.41500    2   O5_12            8.12250
  5.41500    -2.70750    -5.41500    2   O5_12            8.12250
  5.41500     5.41500     2.70750    2   O3_12            8.12250
  2.70750    -5.41500    -5.41500    2   O7_12            8.12250
 -2.70750    -5.41500    -5.41500    2   O7_12            8.12250
 -5.41500     5.41500     2.70750    2   O3_13            8.12250
 -5.41500    -2.70750    -5.41500    2   O5_13            8.12250
  2.70750     5.41500     5.41500    2   O7_13            8.12250
  5.41500     2.70750     5.41500    2   O5_14            8.12250
 -2.70750     5.41500    -5.41500    2   O7_14            8.12250
 -5.41500     2.70750    -5.41500    2   O5_15            8.12250
  2.70750     5.41500    -5.41500    2   O7_15            8.12250
  2.70750     0.00000    -8.12250    2   O6_09            8.56187
  0.00000    -8.12250     2.70750    2   O8_08            8.56187
 -8.12250     2.70750     0.00000    2   O4_09            8.56187
  0.00000    -8.12250    -2.70750    2   O8_09            8.56187
  2.70750    -8.12250     0.00000    2   O4_10            8.56187
 -2.70750    -8.12250     0.00000    2   O4_10            8.56187
 -8.12250     0.00000     2.70750    2   O6_10            8.56187
 -8.12250     0.00000    -2.70750    2   O6_10            8.56187
  0.00000     2.70750    -8.12250    2   O8_10            8.56187
 -8.12250    -2.70750     0.00000    2   O4_11            8.56187
  0.00000    -2.70750    -8.12250    2   O8_11            8.56187
  8.12250    -2.70750     0.00000    2   O4_12            8.56187
  8.12250     0.00000     2.70750    2   O6_11            8.56187
  0.00000     8.12250     2.70750    2   O8_12            8.56187
  0.00000     8.12250    -2.70750    2   O8_12            8.56187
 -2.70750     8.12250     0.00000    2   O4_13            8.56187
  8.12250     2.70750     0.00000    2   O4_13            8.56187
  2.70750     8.12250     0.00000    2   O4_13            8.56187
  8.12250     0.00000    -2.70750    2   O6_12            8.56187
 -2.70750     0.00000     8.12250    2   O6_12            8.56187
  0.00000    -2.70750     8.12250    2   O8_13            8.56187
  2.70750     0.00000     8.12250    2   O6_13            8.56187
  0.00000     2.70750     8.12250    2   O8_14            8.56187
 -2.70750     0.00000    -8.12250    2   O6_14            8.56187
  4.06125    -4.06125    -6.76875    1   Ce3_17           8.87713
  4.06125     4.06125     6.76875    1   Ce4_15           8.87713
  4.06125    -6.76875    -4.06125    1   Ce4_15           8.87713
 -6.76875    -4.06125     4.06125    1   Ce3_18           8.87713
 -4.06125     6.76875    -4.06125    1   Ce1_11           8.87713
  4.06125     6.76875     4.06125    1   Ce3_19           8.87713
  6.76875    -4.06125    -4.06125    1   Ce1_12           8.87713
  6.76875     4.06125     4.06125    1   Ce2_14           8.87713
 -4.06125    -6.76875     4.06125    1   Ce2_14           8.87713
 -4.06125    -4.06125     6.76875    1   Ce1_13           8.87713
 -6.76875     4.06125    -4.06125    1   Ce4_16           8.87713
 -4.06125     4.06125    -6.76875    1   Ce2_15           8.87713
 -8.12250     2.70750    -2.70750    2   O1_02            8.97976
  2.70750    -2.70750    -8.12250    2   O1_02            8.97976
  2.70750    -8.12250     2.70750    2   O1_02            8.97976
  2.70750    -8.12250    -2.70750    2   O1_02            8.97976
 -2.70750    -8.12250    -2.70750    2   O1_02            8.97976
 -2.70750    -8.12250     2.70750    2   O1_02            8.97976
 -8.12250    -2.70750     2.70750    2   O1_02            8.97976
 -2.70750    -2.70750    -8.12250    2   O1_02            8.97976
 -8.12250    -2.70750    -2.70750    2   O1_02            8.97976
 -2.70750     2.70750    -8.12250    2   O1_02            8.97976
 -8.12250     2.70750     2.70750    2   O1_02            8.97976
 -2.70750     2.70750     8.12250    2   O1_02            8.97976
  2.70750    -2.70750     8.12250    2   O1_02            8.97976
  2.70750     8.12250    -2.70750    2   O1_02            8.97976
 -2.70750     8.12250     2.70750    2   O1_02            8.97976
 -2.70750     8.12250    -2.70750    2   O1_02            8.97976
  8.12250     2.70750     2.70750    2   O1_02            8.97976
  8.12250     2.70750    -2.70750    2   O1_02            8.97976
  8.12250    -2.70750     2.70750    2   O1_02            8.97976
  8.12250    -2.70750    -2.70750    2   O1_02            8.97976
 -2.70750    -2.70750     8.12250    2   O1_02            8.97976
  2.70750     8.12250     2.70750    2   O1_02            8.97976
  2.70750     2.70750     8.12250    2   O1_02            8.97976
  2.70750     2.70750    -8.12250    2   O1_02            8.97976
 -5.41500     5.41500    -5.41500    2   O2_03            9.37906
  5.41500    -5.41500     5.41500    2   O2_03            9.37906
 -5.41500    -5.41500     5.41500    2   O2_03            9.37906
  5.41500    -5.41500    -5.41500    2   O2_03            9.37906
  5.41500     5.41500    -5.41500    2   O2_03            9.37906
 -5.41500     5.41500     5.41500    2   O2_03            9.37906
  5.41500     5.41500     5.41500    2   O2_03            9.37906
 -5.41500    -5.41500    -5.41500    2   O2_03            9.37906
 -1.35375     9.47625     1.35375    1   Ce4_17           9.66771
 -9.47625     1.35375     1.35375    1   Ce1_14           9.66771
  1.35375    -9.47625     1.35375    1   Ce1_14           9.66771
  9.47625     1.35375    -1.35375    1   Ce3_20           9.66771
  1.35375    -1.35375     9.47625    1   Ce2_16           9.66771
 -1.35375    -9.47625    -1.35375    1   Ce3_21           9.66771
 -1.35375    -1.35375    -9.47625    1   Ce4_18           9.66771
  1.35375     9.47625    -1.35375    1   Ce2_17           9.66771
  1.35375     1.35375    -9.47625    1   Ce1_15           9.66771
  9.47625    -1.35375     1.35375    1   Ce4_19           9.66771
 -1.35375     1.35375     9.47625    1   Ce3_22           9.66771
 -9.47625    -1.35375    -1.35375    1   Ce2_18           9.66771
 -6.76875    -1.35375     6.76875    1   Ce4_20           9.66771
  6.76875    -6.76875    -1.35375    1   Ce2_19           9.66771
  6.76875    -1.35375    -6.76875    1   Ce2_19           9.66771
 -1.35375     6.76875    -6.76875    1   Ce3_23           9.66771
  1.35375    -6.76875    -6.76875    1   Ce2_20           9.66771
 -6.76875    -6.76875     1.35375    1   Ce4_21           9.66771
  1.35375     6.76875     6.76875    1   Ce1_16           9.66771
 -6.76875     6.76875    -1.35375    1   Ce3_24           9.66771
  6.76875     1.35375     6.76875    1   Ce1_17           9.66771
  6.76875     6.76875     1.35375    1   Ce1_17           9.66771
 -1.35375    -6.76875     6.76875    1   Ce4_22           9.66771
 -6.76875     1.35375    -6.76875    1   Ce3_25           9.66771
  5.41500     0.00000    -8.12250    2   O3_14            9.76203
  0.00000    -8.12250     5.41500    2   O5_16            9.76203
  5.41500    -8.12250     0.00000    2   O5_16            9.76203
  0.00000    -8.12250    -5.41500    2   O5_16            9.76203
  0.00000    -5.41500    -8.12250    2   O3_15            9.76203
 -8.12250     0.00000     5.41500    2   O7_16            9.76203
 -8.12250    -5.41500     0.00000    2   O7_16            9.76203
  0.00000     5.41500    -8.12250    2   O3_16            9.76203
 -5.41500    -8.12250     0.00000    2   O5_17            9.76203
 -8.12250     0.00000    -5.41500    2   O7_17            9.76203
 -8.12250     5.41500     0.00000    2   O7_17            9.76203
  0.00000     8.12250    -5.41500    2   O5_18            9.76203
  5.41500     0.00000     8.12250    2   O3_17            9.76203
 -5.41500     0.00000     8.12250    2   O3_17            9.76203
  0.00000     8.12250     5.41500    2   O5_19            9.76203
  5.41500     8.12250     0.00000    2   O5_19            9.76203
  0.00000     5.41500     8.12250    2   O3_18            9.76203
  8.12250     0.00000    -5.41500    2   O7_18            9.76203
  8.12250     5.41500     0.00000    2   O7_18            9.76203
 -5.41500     8.12250     0.00000    2   O5_20            9.76203
  8.12250     0.00000     5.41500    2   O7_19            9.76203
  8.12250    -5.41500     0.00000    2   O7_19            9.76203
  0.00000    -5.41500     8.12250    2   O3_19            9.76203
 -5.41500     0.00000    -8.12250    2   O3_19            9.76203
 -8.12250     5.41500    -2.70750    2   O6_15           10.13054
  2.70750     5.41500    -8.12250    2   O6_15           10.13054
 -5.41500     2.70750    -8.12250    2   O8_15           10.13054
 -8.12250     2.70750    -5.41500    2   O4_14           10.13054
 -5.41500    -8.12250     2.70750    2   O8_16           10.13054
 -8.12250    -5.41500     2.70750    2   O6_16           10.13054
 -2.70750    -8.12250     5.41500    2   O4_15           10.13054
  5.41500    -8.12250     2.70750    2   O8_17           10.13054
  2.70750    -8.12250     5.41500    2   O4_16           10.13054
  5.41500    -8.12250    -2.70750    2   O8_18           10.13054
  2.70750    -5.41500    -8.12250    2   O6_17           10.13054
  2.70750    -8.12250    -5.41500    2   O4_17           10.13054
 -2.70750    -5.41500    -8.12250    2   O6_18           10.13054
 -2.70750    -8.12250    -5.41500    2   O4_18           10.13054
 -5.41500    -2.70750    -8.12250    2   O8_19           10.13054
 -8.12250    -2.70750     5.41500    2   O4_19           10.13054
 -5.41500    -8.12250    -2.70750    2   O8_20           10.13054
 -2.70750     5.41500    -8.12250    2   O6_19           10.13054
 -8.12250    -5.41500    -2.70750    2   O6_19           10.13054
  5.41500    -2.70750    -8.12250    2   O8_21           10.13054
 -8.12250     5.41500     2.70750    2   O6_20           10.13054
 -8.12250    -2.70750    -5.41500    2   O4_20           10.13054
 -8.12250     2.70750     5.41500    2   O4_20           10.13054
  5.41500    -2.70750     8.12250    2   O8_22           10.13054
  5.41500     8.12250     2.70750    2   O8_22           10.13054
 -2.70750    -5.41500     8.12250    2   O6_21           10.13054
  2.70750    -5.41500     8.12250    2   O6_21           10.13054
 -5.41500    -2.70750     8.12250    2   O8_23           10.13054
  8.12250     5.41500    -2.70750    2   O6_22           10.13054
 -5.41500     8.12250     2.70750    2   O8_24           10.13054
  8.12250    -2.70750     5.41500    2   O4_21           10.13054
  8.12250     5.41500     2.70750    2   O6_23           10.13054
 -2.70750     8.12250     5.41500    2   O4_22           10.13054
  8.12250    -2.70750    -5.41500    2   O4_22           10.13054
 -2.70750     8.12250    -5.41500    2   O4_22           10.13054
  8.12250     2.70750     5.41500    2   O4_22           10.13054
  8.12250    -5.41500     2.70750    2   O6_24           10.13054
  8.12250     2.70750    -5.41500    2   O4_23           10.13054
 -2.70750     5.41500     8.12250    2   O6_25           10.13054
  8.12250    -5.41500    -2.70750    2   O6_25           10.13054
 -5.41500     2.70750     8.12250    2   O8_25           10.13054
  2.70750     8.12250     5.41500    2   O4_24           10.13054
  5.41500     8.12250    -2.70750    2   O8_26           10.13054
 -5.41500     8.12250    -2.70750    2   O8_26           10.13054
  2.70750     8.12250    -5.41500    2   O4_25           10.13054
  5.41500     2.70750     8.12250    2   O8_27           10.13054
  2.70750     5.41500     8.12250    2   O6_26           10.13054
  5.41500     2.70750    -8.12250    2   O8_28           10.13054
  4.06125    -6.76875     6.76875    1   Ce4_23          10.39835
 -6.76875    -4.06125    -6.76875    1   Ce3_26          10.39835
  6.76875    -4.06125     6.76875    1   Ce1_18          10.39835
  4.06125     6.76875    -6.76875    1   Ce3_27          10.39835
 -4.06125    -6.76875    -6.76875    1   Ce2_21          10.39835
  6.76875     4.06125    -6.76875    1   Ce2_21          10.39835
  6.76875    -6.76875     4.06125    1   Ce2_21          10.39835
 -6.76875     6.76875     4.06125    1   Ce3_28          10.39835
 -4.06125     6.76875     6.76875    1   Ce1_19          10.39835
  6.76875     6.76875    -4.06125    1   Ce1_19          10.39835
 -6.76875    -6.76875    -4.06125    1   Ce4_24          10.39835
 -6.76875     4.06125     6.76875    1   Ce4_24          10.39835
  9.47625    -1.35375    -4.06125    1   Ce4_24          10.39835
 -1.35375     4.06125    -9.47625    1   Ce4_24          10.39835
  1.35375    -9.47625    -4.06125    1   Ce1_20          10.39835
 -1.35375     9.47625    -4.06125    1   Ce4_25          10.39835
  4.06125    -9.47625    -1.35375    1   Ce3_29          10.39835
 -1.35375    -9.47625     4.06125    1   Ce3_29          10.39835
 -4.06125    -1.35375     9.47625    1   Ce2_22          10.39835
 -9.47625    -4.06125     1.35375    1   Ce1_21          10.39835
 -9.47625     1.35375    -4.06125    1   Ce1_21          10.39835
 -1.35375    -4.06125     9.47625    1   Ce3_30          10.39835
 -9.47625     4.06125    -1.35375    1   Ce2_23          10.39835
 -9.47625    -1.35375     4.06125    1   Ce2_23          10.39835
 -4.06125     1.35375    -9.47625    1   Ce1_22          10.39835
 -4.06125     9.47625    -1.35375    1   Ce2_24          10.39835
  9.47625     4.06125     1.35375    1   Ce4_26          10.39835
  9.47625     1.35375     4.06125    1   Ce3_31          10.39835
  1.35375     4.06125     9.47625    1   Ce2_25          10.39835
  1.35375     9.47625     4.06125    1   Ce2_25          10.39835
  4.06125     9.47625     1.35375    1   Ce4_27          10.39835
  9.47625    -4.06125    -1.35375    1   Ce3_32          10.39835
 -4.06125    -9.47625     1.35375    1   Ce1_23          10.39835
  4.06125     1.35375     9.47625    1   Ce3_33          10.39835
  1.35375    -4.06125    -9.47625    1   Ce1_24          10.39835
  4.06125    -1.35375    -9.47625    1   Ce4_28          10.39835
-10.83000     0.00000     0.00000    2   O2_04           10.83000
  0.00000   -10.83000     0.00000    2   O2_04           10.83000
  0.00000    10.83000     0.00000    2   O2_04           10.83000
 10.83000     0.00000     0.00000    2   O2_04           10.83000
  0.00000     0.00000    10.83000    2   O2_04           10.83000
  0.00000     0.00000   -10.83000    2   O2_04           10.83000
 -4.06125     4.06125     9.47625    1   Ce2_26          11.08092
  4.06125    -4.06125     9.47625    1   Ce3_34          11.08092
  4.06125    -9.47625     4.06125    1   Ce3_34          11.08092
 -4.06125    -9.47625    -4.06125    1   Ce1_25          11.08092
 -9.47625    -4.06125    -4.06125    1   Ce1_25          11.08092
 -9.47625     4.06125     4.06125    1   Ce2_27          11.08092
  4.06125     4.06125    -9.47625    1   Ce4_29          11.08092
 -4.06125     9.47625     4.06125    1   Ce2_28          11.08092
  9.47625     4.06125    -4.06125    1   Ce4_30          11.08092
  9.47625    -4.06125     4.06125    1   Ce3_35          11.08092
  4.06125     9.47625    -4.06125    1   Ce4_31          11.08092
 -4.06125    -4.06125    -9.47625    1   Ce1_26          11.08092
 -5.41500    -5.41500     8.12250    2   O3_20           11.16331
  5.41500    -8.12250    -5.41500    2   O5_21           11.16331
 -5.41500     8.12250    -5.41500    2   O5_21           11.16331
  5.41500    -5.41500     8.12250    2   O3_21           11.16331
 -8.12250    -5.41500    -5.41500    2   O7_20           11.16331
  5.41500     5.41500     8.12250    2   O3_22           11.16331
 -5.41500     5.41500     8.12250    2   O3_22           11.16331
  8.12250    -5.41500     5.41500    2   O7_21           11.16331
  8.12250     5.41500    -5.41500    2   O7_21           11.16331
 -5.41500     8.12250     5.41500    2   O5_22           11.16331
 -8.12250     5.41500     5.41500    2   O7_22           11.16331
  5.41500     5.41500    -8.12250    2   O3_23           11.16331
 -5.41500     5.41500    -8.12250    2   O3_23           11.16331
  5.41500    -5.41500    -8.12250    2   O3_23           11.16331
  5.41500     8.12250    -5.41500    2   O5_23           11.16331
  5.41500     8.12250     5.41500    2   O5_23           11.16331
 -8.12250    -5.41500     5.41500    2   O7_23           11.16331
  8.12250    -5.41500    -5.41500    2   O7_23           11.16331
 -5.41500    -8.12250     5.41500    2   O5_24           11.16331
 -8.12250     5.41500    -5.41500    2   O7_24           11.16331
  5.41500    -8.12250     5.41500    2   O5_25           11.16331
  8.12250     5.41500     5.41500    2   O7_25           11.16331
 -5.41500    -5.41500    -8.12250    2   O3_24           11.16331
 -5.41500    -8.12250    -5.41500    2   O5_26           11.16331
  2.70750   -10.83000     0.00000    2   O7_26           11.16331
  2.70750    10.83000     0.00000    2   O7_26           11.16331
 10.83000     0.00000    -2.70750    2   O3_25           11.16331
 10.83000    -2.70750     0.00000    2   O5_27           11.16331
  0.00000     2.70750   -10.83000    2   O5_27           11.16331
-10.83000    -2.70750     0.00000    2   O5_27           11.16331
 10.83000     0.00000     2.70750    2   O3_26           11.16331
-10.83000     2.70750     0.00000    2   O5_28           11.16331
-10.83000     0.00000     2.70750    2   O3_27           11.16331
-10.83000     0.00000    -2.70750    2   O3_27           11.16331
 -2.70750     0.00000   -10.83000    2   O7_27           11.16331
 10.83000     2.70750     0.00000    2   O5_29           11.16331
  0.00000     2.70750    10.83000    2   O5_29           11.16331
  0.00000    10.83000    -2.70750    2   O3_28           11.16331
  0.00000   -10.83000    -2.70750    2   O3_28           11.16331
 -2.70750    10.83000     0.00000    2   O7_28           11.16331
 -2.70750   -10.83000     0.00000    2   O7_28           11.16331
  0.00000    10.83000     2.70750    2   O3_29           11.16331
  0.00000    -2.70750    10.83000    2   O5_30           11.16331
 -2.70750     0.00000    10.83000    2   O7_29           11.16331
  0.00000   -10.83000     2.70750    2   O3_30           11.16331
  2.70750     0.00000   -10.83000    2   O7_30           11.16331
  0.00000    -2.70750   -10.83000    2   O5_31           11.16331
  2.70750     0.00000    10.83000    2   O7_31           11.16331
  2.70750    10.83000     2.70750    2   O6_27           11.48695
  2.70750    -2.70750   -10.83000    2   O4_26           11.48695
  2.70750     2.70750    10.83000    2   O4_26           11.48695
  2.70750    10.83000    -2.70750    2   O6_28           11.48695
 -2.70750     2.70750   -10.83000    2   O4_27           11.48695
 10.83000    -2.70750     2.70750    2   O8_29           11.48695
  2.70750     2.70750   -10.83000    2   O4_28           11.48695
 -2.70750   -10.83000    -2.70750    2   O6_29           11.48695
 10.83000    -2.70750    -2.70750    2   O8_30           11.48695
 -2.70750    -2.70750    10.83000    2   O4_29           11.48695
-10.83000    -2.70750    -2.70750    2   O8_31           11.48695
 -2.70750    10.83000    -2.70750    2   O6_30           11.48695
-10.83000     2.70750     2.70750    2   O8_32           11.48695
 10.83000     2.70750     2.70750    2   O8_32           11.48695
  2.70750   -10.83000     2.70750    2   O6_31           11.48695
  2.70750   -10.83000    -2.70750    2   O6_31           11.48695
-10.83000    -2.70750     2.70750    2   O8_33           11.48695
 -2.70750   -10.83000     2.70750    2   O6_32           11.48695
 -2.70750    10.83000     2.70750    2   O6_32           11.48695
  2.70750    -2.70750    10.83000    2   O4_30           11.48695
 -2.70750    -2.70750   -10.83000    2   O4_30           11.48695
-10.83000     2.70750    -2.70750    2   O8_34           11.48695
 -2.70750     2.70750    10.83000    2   O4_31           11.48695
 10.83000     2.70750    -2.70750    2   O8_35           11.48695
  8.12250    -8.12250     0.00000    2   O4_32           11.48695
  8.12250     0.00000    -8.12250    2   O6_33           11.48695
 -8.12250     0.00000     8.12250    2   O6_33           11.48695
 -8.12250     0.00000    -8.12250    2   O6_33           11.48695
  8.12250     0.00000     8.12250    2   O6_33           11.48695
 -8.12250     8.12250     0.00000    2   O4_33           11.48695
  0.00000    -8.12250     8.12250    2   O8_36           11.48695
  8.12250     8.12250     0.00000    2   O4_34           11.48695
  0.00000     8.12250    -8.12250    2   O8_37           11.48695
  0.00000     8.12250     8.12250    2   O8_37           11.48695
 -8.12250    -8.12250     0.00000    2   O4_35           11.48695
  0.00000    -8.12250    -8.12250    2   O8_38           11.48695
 -6.76875     6.76875    -6.76875    1   Ce3_36          11.72382
  6.76875    -6.76875    -6.76875    1   Ce2_29          11.72382
  6.76875     6.76875     6.76875    1   Ce1_27          11.72382
 -6.76875    -6.76875     6.76875    1   Ce4_32          11.72382
  9.47625     6.76875    -1.35375    1   Ce3_37          11.72382
 -1.35375    -6.76875    -9.47625    1   Ce4_33          11.72382
  1.35375    -6.76875     9.47625    1   Ce2_30          11.72382
 -1.35375     9.47625     6.76875    1   Ce4_34          11.72382
  6.76875     9.47625    -1.35375    1   Ce2_31          11.72382
 -1.35375     6.76875     9.47625    1   Ce3_38          11.72382
 -9.47625    -6.76875    -1.35375    1   Ce2_32          11.72382
  1.35375     9.47625    -6.76875    1   Ce2_32          11.72382
 -9.47625     6.76875     1.35375    1   Ce1_28          11.72382
  9.47625     1.35375    -6.76875    1   Ce3_39          11.72382
  6.76875    -1.35375     9.47625    1   Ce2_33          11.72382
 -6.76875    -9.47625    -1.35375    1   Ce3_40          11.72382
  9.47625    -1.35375     6.76875    1   Ce4_35          11.72382
 -6.76875     9.47625     1.35375    1   Ce4_35          11.72382
  6.76875     1.35375    -9.47625    1   Ce1_29          11.72382
 -6.76875    -1.35375    -9.47625    1   Ce4_36          11.72382
 -6.76875     1.35375     9.47625    1   Ce3_41          11.72382
  6.76875    -9.47625     1.35375    1   Ce1_30          11.72382
 -9.47625     1.35375     6.76875    1   Ce1_30          11.72382
 -9.47625    -1.35375    -6.76875    1   Ce2_34          11.72382
 -1.35375    -9.47625    -6.76875    1   Ce3_42          11.72382
  1.35375    -9.47625     6.76875    1   Ce1_31          11.72382
  1.35375     6.76875    -9.47625    1   Ce1_31          11.72382
  9.47625    -6.76875     1.35375    1   Ce4_37          11.72382
  2.70750    -8.12250    -8.12250    2   O1_03           11.80172
 -8.12250    -8.12250     2.70750    2   O1_03           11.80172
 -2.70750    -8.12250    -8.12250    2   O1_03           11.80172
 -8.12250    -8.12250    -2.70750    2   O1_03           11.80172
 -8.12250    -2.70750    -8.12250    2   O1_03           11.80172
 -8.12250     8.12250    -2.70750    2   O1_03           11.80172
  8.12250    -8.12250    -2.70750    2   O1_03           11.80172
 -2.70750    -8.12250     8.12250    2   O1_03           11.80172
  2.70750    -8.12250     8.12250    2   O1_03           11.80172
 -8.12250    -2.70750     8.12250    2   O1_03           11.80172
 -2.70750     8.12250     8.12250    2   O1_03           11.80172
 -2.70750     8.12250    -8.12250    2   O1_03           11.80172
  8.12250     8.12250     2.70750    2   O1_03           11.80172
  8.12250     8.12250    -2.70750    2   O1_03           11.80172
  8.12250     2.70750     8.12250    2   O1_03           11.80172
 -8.12250     8.12250     2.70750    2   O1_03           11.80172
  8.12250     2.70750    -8.12250    2   O1_03           11.80172
  8.12250    -2.70750     8.12250    2   O1_03           11.80172
  8.12250    -2.70750    -8.12250    2   O1_03           11.80172
  8.12250    -8.12250     2.70750    2   O1_03           11.80172
 -8.12250     2.70750     8.12250    2   O1_03           11.80172
  2.70750     8.12250     8.12250    2   O1_03           11.80172
  2.70750     8.12250    -8.12250    2   O1_03           11.80172
 -8.12250     2.70750    -8.12250    2   O1_03           11.80172
 -5.41500   -10.83000     0.00000    2   O2_05           12.10831
  0.00000    -5.41500    10.83000    2   O2_05           12.10831
  5.41500     0.00000   -10.83000    2   O2_05           12.10831
 -5.41500     0.00000    10.83000    2   O2_05           12.10831
  5.41500   -10.83000     0.00000    2   O2_05           12.10831
-10.83000     0.00000     5.41500    2   O2_05           12.10831
  0.00000    -5.41500   -10.83000    2   O2_05           12.10831
  0.00000   -10.83000     5.41500    2   O2_05           12.10831
  0.00000    10.83000     5.41500    2   O2_05           12.10831
  0.00000   -10.83000    -5.41500    2   O2_05           12.10831
  0.00000    10.83000    -5.41500    2   O2_05           12.10831
  0.00000     5.41500    10.83000    2   O2_05           12.10831
 10.83000     5.41500     0.00000    2   O2_05           12.10831
 -5.41500    10.83000     0.00000    2   O2_05           12.10831
 10.83000     0.00000     5.41500    2   O2_05           12.10831
 10.83000     0.00000    -5.41500    2   O2_05           12.10831
 10.83000    -5.41500     0.00000    2   O2_05           12.10831
-10.83000     5.41500     0.00000    2   O2_05           12.10831
-10.83000     0.00000    -5.41500    2   O2_05           12.10831
  0.00000     5.41500   -10.83000    2   O2_05           12.10831
  5.41500    10.83000     0.00000    2   O2_05           12.10831
 -5.41500     0.00000   -10.83000    2   O2_05           12.10831
-10.83000    -5.41500     0.00000    2   O2_05           12.10831
  5.41500     0.00000    10.83000    2   O2_05           12.10831
 -1.35375    -1.35375    12.18375    1   Ce4_38          12.33325
 -1.35375   -12.18375     1.35375    1   Ce4_38          12.33325
 -1.35375    12.18375    -1.35375    1   Ce3_43          12.33325
  1.35375    12.18375     1.35375    1   Ce1_32          12.33325
-12.18375     1.35375    -1.35375    1   Ce3_44          12.33325
  1.35375    -1.35375   -12.18375    1   Ce2_35          12.33325
  1.35375     1.35375    12.18375    1   Ce1_33          12.33325
 -1.35375     1.35375   -12.18375    1   Ce3_45          12.33325
 12.18375     1.35375     1.35375    1   Ce1_34          12.33325
  1.35375   -12.18375    -1.35375    1   Ce2_36          12.33325
-12.18375    -1.35375     1.35375    1   Ce4_39          12.33325
 12.18375    -1.35375    -1.35375    1   Ce2_37          12.33325
  9.47625    -6.76875    -4.06125    1   Ce4_40          12.33325
  9.47625    -4.06125    -6.76875    1   Ce3_46          12.33325
 -9.47625    -6.76875     4.06125    1   Ce2_38          12.33325
 -4.06125    -6.76875     9.47625    1   Ce2_38          12.33325
  4.06125    -9.47625    -6.76875    1   Ce3_47          12.33325
  6.76875     9.47625     4.06125    1   Ce2_39          12.33325
  4.06125    -6.76875    -9.47625    1   Ce4_41          12.33325
 -6.76875    -9.47625     4.06125    1   Ce3_48          12.33325
 -6.76875     9.47625    -4.06125    1   Ce4_42          12.33325
 -9.47625     6.76875    -4.06125    1   Ce1_35          12.33325
  9.47625     6.76875     4.06125    1   Ce3_49          12.33325
  6.76875    -4.06125    -9.47625    1   Ce1_36          12.33325
  4.06125     6.76875     9.47625    1   Ce3_50          12.33325
  6.76875    -9.47625    -4.06125    1   Ce1_37          12.33325
 -9.47625    -4.06125     6.76875    1   Ce1_37          12.33325
 -4.06125     6.76875    -9.47625    1   Ce1_37          12.33325
  9.47625     4.06125     6.76875    1   Ce4_43          12.33325
 -4.06125     9.47625    -6.76875    1   Ce2_40          12.33325
 -6.76875    -4.06125     9.47625    1   Ce3_51          12.33325
 -4.06125    -9.47625     6.76875    1   Ce1_38          12.33325
  6.76875     4.06125     9.47625    1   Ce2_41          12.33325
  4.06125     9.47625     6.76875    1   Ce4_44          12.33325
 -9.47625     4.06125    -6.76875    1   Ce2_42          12.33325
 -6.76875     4.06125    -9.47625    1   Ce4_45          12.33325
-10.83000    -2.70750     5.41500    2   O5_32           12.40732
  5.41500   -10.83000    -2.70750    2   O3_31           12.40732
 -2.70750   -10.83000     5.41500    2   O7_32           12.40732
 -2.70750    10.83000     5.41500    2   O7_32           12.40732
 -2.70750   -10.83000    -5.41500    2   O7_32           12.40732
 -2.70750    10.83000    -5.41500    2   O7_32           12.40732
-10.83000    -2.70750    -5.41500    2   O5_33           12.40732
 10.83000     5.41500    -2.70750    2   O3_32           12.40732
 -5.41500    10.83000    -2.70750    2   O3_32           12.40732
 10.83000    -2.70750     5.41500    2   O5_34           12.40732
-10.83000     5.41500    -2.70750    2   O3_33           12.40732
 10.83000    -2.70750    -5.41500    2   O5_35           12.40732
 10.83000    -5.41500    -2.70750    2   O3_34           12.40732
-10.83000    -5.41500    -2.70750    2   O3_34           12.40732
  5.41500    10.83000    -2.70750    2   O3_34           12.40732
  2.70750     5.41500   -10.83000    2   O7_33           12.40732
  5.41500     2.70750   -10.83000    2   O5_36           12.40732
  5.41500    -2.70750    10.83000    2   O5_36           12.40732
 -5.41500   -10.83000     2.70750    2   O3_35           12.40732
 -2.70750    -5.41500    10.83000    2   O7_34           12.40732
  5.41500    -2.70750   -10.83000    2   O5_37           12.40732
 -5.41500     2.70750   -10.83000    2   O5_37           12.40732
  2.70750    -5.41500    10.83000    2   O7_35           12.40732
 -5.41500    -2.70750    10.83000    2   O5_38           12.40732
  2.70750    -5.41500   -10.83000    2   O7_36           12.40732
  2.70750   -10.83000     5.41500    2   O7_36           12.40732
  5.41500   -10.83000     2.70750    2   O3_36           12.40732
-10.83000    -5.41500     2.70750    2   O3_36           12.40732
  2.70750   -10.83000    -5.41500    2   O7_37           12.40732
-10.83000     2.70750     5.41500    2   O5_39           12.40732
 -2.70750    -5.41500   -10.83000    2   O7_38           12.40732
-10.83000     5.41500     2.70750    2   O3_37           12.40732
 -2.70750     5.41500    10.83000    2   O7_39           12.40732
 -5.41500    10.83000     2.70750    2   O3_38           12.40732
 10.83000     2.70750     5.41500    2   O5_40           12.40732
 10.83000     5.41500     2.70750    2   O3_39           12.40732
 10.83000     2.70750    -5.41500    2   O5_41           12.40732
 10.83000    -5.41500     2.70750    2   O3_40           12.40732
 -5.41500     2.70750    10.83000    2   O5_42           12.40732
 -2.70750     5.41500   -10.83000    2   O7_40           12.40732
  2.70750    10.83000     5.41500    2   O7_40           12.40732
  5.41500    10.83000     2.70750    2   O3_41           12.40732
  2.70750    10.83000    -5.41500    2   O7_41           12.40732
-10.83000     2.70750    -5.41500    2   O5_43           12.40732
  2.70750     5.41500    10.83000    2   O7_42           12.40732
  5.41500     2.70750    10.83000    2   O5_44           12.40732
 -5.41500    -2.70750   -10.83000    2   O5_44           12.40732
 -5.41500   -10.83000    -2.70750    2   O3_42           12.40732
 -8.12250    -8.12250     5.41500    2   O4_36           12.69930
  5.41500    -8.12250    -8.12250    2   O8_39           12.69930
 -5.41500    -8.12250    -8.12250    2   O8_39           12.69930
 -8.12250    -5.41500    -8.12250    2   O6_34           12.69930
 -8.12250    -8.12250    -5.41500    2   O4_37           12.69930
 -5.41500    -8.12250     8.12250    2   O8_40           12.69930
 -8.12250    -5.41500     8.12250    2   O6_35           12.69930
  5.41500    -8.12250     8.12250    2   O8_41           12.69930
 -5.41500     8.12250     8.12250    2   O8_41           12.69930
  8.12250     8.12250     5.41500    2   O4_38           12.69930
  8.12250     8.12250    -5.41500    2   O4_38           12.69930
  8.12250     5.41500     8.12250    2   O6_36           12.69930
 -8.12250     8.12250     5.41500    2   O4_39           12.69930
  8.12250     5.41500    -8.12250    2   O6_37           12.69930
 -5.41500     8.12250    -8.12250    2   O8_42           12.69930
 -8.12250     8.12250    -5.41500    2   O4_40           12.69930
  8.12250    -5.41500     8.12250    2   O6_38           12.69930
  8.12250    -8.12250     5.41500    2   O4_41           12.69930
 -8.12250     5.41500     8.12250    2   O6_39           12.69930
  8.12250    -5.41500    -8.12250    2   O6_39           12.69930
  8.12250    -8.12250    -5.41500    2   O4_42           12.69930
  5.41500     8.12250     8.12250    2   O8_43           12.69930
  5.41500     8.12250    -8.12250    2   O8_43           12.69930
 -8.12250     5.41500    -8.12250    2   O6_40           12.69930
  1.35375     4.06125   -12.18375    1   Ce2_43          12.91395
  4.06125    -1.35375    12.18375    1   Ce4_46          12.91395
  1.35375    -4.06125    12.18375    1   Ce1_39          12.91395
 -1.35375    -4.06125   -12.18375    1   Ce3_52          12.91395
 -4.06125    -1.35375   -12.18375    1   Ce2_44          12.91395
-12.18375     4.06125     1.35375    1   Ce4_47          12.91395
-12.18375     1.35375     4.06125    1   Ce3_53          12.91395
  4.06125   -12.18375     1.35375    1   Ce4_48          12.91395
  1.35375   -12.18375     4.06125    1   Ce2_45          12.91395
 -1.35375    12.18375     4.06125    1   Ce3_54          12.91395
 -4.06125    12.18375     1.35375    1   Ce1_40          12.91395
 -1.35375   -12.18375    -4.06125    1   Ce4_49          12.91395
 -4.06125   -12.18375    -1.35375    1   Ce2_46          12.91395
-12.18375    -1.35375    -4.06125    1   Ce4_50          12.91395
 12.18375     4.06125    -1.35375    1   Ce2_47          12.91395
 12.18375     1.35375    -4.06125    1   Ce1_41          12.91395
 12.18375    -1.35375     4.06125    1   Ce2_48          12.91395
 12.18375    -4.06125     1.35375    1   Ce1_42          12.91395
 -1.35375     4.06125    12.18375    1   Ce4_51          12.91395
 -4.06125     1.35375    12.18375    1   Ce1_43          12.91395
-12.18375    -4.06125    -1.35375    1   Ce3_55          12.91395
  4.06125    12.18375    -1.35375    1   Ce3_55          12.91395
  1.35375    12.18375    -4.06125    1   Ce1_44          12.91395
  4.06125     1.35375   -12.18375    1   Ce3_56          12.91395
